1 0
2 1
3 0
3 1
4 1
5 0
5 3
6 1
7 1
8 7
9 0
10 4
11 5
12 0
12 3
13 0
14 8
14 7
15 4
16 12
17 15
18 6
18 1
19 9
20 1
21 15
21 4
22 21
23 14
23 8
24 2
25 19
25 9
26 10
27 16
27 12
27 3
28 8
29 26
29 10
30 1
31 23
32 28
32 8
32 7
33 31
34 5
34 0
34 11
34 1
34 9
35 5
35 3
36 31
37 20
38 18
39 17
40 14
41 21
41 4
41 22
42 34
42 0
43 35
44 34
45 12
46 45
47 25
47 19
48 25
49 11
49 5
49 34
50 27
51 40
52 34
53 51
54 10
54 26
54 29
55 46
56 18
56 38
57 38
57 56
58 19
59 49
60 48
60 25
61 41
62 4
63 14
63 7
63 8
63 23
63 40
64 63
64 14
64 40
64 23
64 51
65 11
66 52
67 18
68 49
69 1
70 22
71 69
72 49
73 48
73 25
74 41
75 70
76 12
77 70
77 75
78 7
79 6
79 1
79 34
80 64
81 7
81 14
82 53
83 17
84 29
85 79
86 80
87 52
88 59
89 87
90 40
91 20
92 56
93 86
94 44
94 34
95 79
96 47
97 7
98 54
99 66
