3 0
4 0
6 3
8 4
9 0
14 0
15 10
16 15
18 6
20 16
20 15
21 17
22 14
24 17
25 17
26 2
29 22
31 21
32 29
33 22
35 21
37 8
38 16
43 4
45 22
49 35
52 16
53 18
53 6
54 44
59 51
60 16
61 13
62 53
64 54
65 35
67 40
68 3
73 6
75 52
75 16
76 50
77 14
77 22
77 51
80 17
82 40
83 67
83 40
86 43
87 81
88 63
90 4
92 37
93 43
94 64
97 67
98 14
99 87
100 20
102 51
104 14
106 2
108 77
108 51
112 63
112 88
113 10
115 62
115 53
116 16
119 68
120 94
120 64
121 113
121 10
121 15
123 54
123 64
123 94
123 120
124 14
125 70
127 105
130 71
131 64
134 114
136 133
137 61
139 123
141 91
143 8
143 4
144 87
146 59
148 136
149 92
152 61
156 54
158 125
162 6
162 53
164 53
165 9
166 68
170 63
171 9
173 166
173 68
173 3
175 87
175 99
176 0
178 114
180 84
182 75
183 43
185 87
187 139
191 97
192 127
196 59
200 45
200 22
200 63
201 13
203 139
205 82
206 43
206 86
206 161
207 86
210 130
210 71
212 70
213 57
219 109
221 22
222 105
224 217
225 220
227 123
228 88
228 63
228 112
230 222
230 105
231 33
233 162
236 150
237 233
238 205
240 114
244 173
245 213
246 173
247 209
248 87
251 45
258 79
260 62
261 100
263 33
266 57
266 213
267 38
268 76
268 50
270 91
271 88
272 22
273 4
273 90
273 143
274 113
276 206
277 24
278 238
285 9
287 16
288 33
291 208
291 65
292 102
293 90
295 134
296 112
297 175
297 87
297 81
297 185
297 248
298 285
299 267
299 38
302 4
309 248
309 297
309 81
309 87
309 185
310 108
312 43
313 105
316 270
318 104
318 14
319 80
321 189
322 265
322 35
322 181
323 109
328 245
329 97
332 244
333 116
334 205
336 254
339 134
339 295
343 20
346 180
350 20
353 309
354 105
356 291
359 295
359 134
359 339
360 353
361 311
363 217
369 150
370 152
375 100
376 22
376 221
377 280
379 257
380 24
385 356
385 291
386 291
390 109
392 220
394 376
395 70
401 90
402 192
403 312
405 187
406 53
407 3
411 370
412 350
414 227
415 274
416 362
417 173
419 45
420 35
420 21
420 17
423 127
423 317
423 325
423 398
426 19
429 248
429 297
429 87
429 309
429 185
429 384
431 212
431 70
433 299
434 200
440 299
443 193
446 431
447 322
450 397
450 81
451 238
452 187
453 24
453 277
454 73
455 86
456 130
457 13
457 201
459 433
459 299
460 118
466 150
467 299
470 8
477 274
477 415
479 40
483 332
484 245
485 134
486 293
493 43
493 93
493 161
494 236
497 164
497 290
504 49
506 467
507 425
508 438
512 257
518 93
522 45
523 244
527 186
531 80
532 52
532 75
533 310
536 244
539 124
540 127
540 192
541 251
541 45
543 207
545 447
550 121
552 477
553 269
557 186
560 66
563 340
564 66
566 471
567 43
571 498
573 36
579 148
580 400
586 497
587 81
587 248
587 429
587 297
590 14
590 51
590 59
593 458
595 417
595 173
596 226
597 390
598 265
599 271
600 146
601 188
601 498
601 580
601 32
601 571
601 41
603 579
604 318
604 14
604 77
604 590
604 51
604 136
604 148
604 579
606 158
607 552
608 113
609 81
610 358
611 458
615 235
617 277
618 395
619 417
620 33
621 432
623 326
625 113
626 529
627 261
627 20
627 100
627 350
627 375
629 134
629 295
629 114
631 545
632 230
633 446
634 298
636 59
638 342
640 457
641 164
645 557
647 516
649 299
651 231
652 192
653 118
654 17
656 601
661 356
664 343
666 486
667 235
668 403
668 312
669 377
669 280
672 114
673 43
675 506
677 573
678 191
680 280
680 377
682 74
683 230
683 632
684 247
684 209
684 595
684 173
684 3
684 303
688 150
692 114
694 45
697 414
699 100
700 120
701 127
701 423
706 692
706 114
706 178
709 38
712 71
715 213
715 57
715 266
716 166
717 71
720 339
723 114
726 573
728 312
729 158
729 125
729 395
731 84
735 281
736 202
737 603
739 427
741 460
741 118
745 633
745 446
745 431
746 723
746 114
749 323
753 533
754 296
760 91
761 693
761 661
765 649
767 435
772 200
774 527
777 202
779 390
779 597
779 323
782 285
785 454
785 6
786 146
790 318
791 579
792 703
793 425
794 431
796 52
797 116
798 163
798 8
800 635
802 6
802 73
805 246
806 185
806 297
806 587
807 601
807 571
808 4
811 116
811 797
813 254
814 771
816 343
816 20
816 664
818 408
819 144
821 532
824 454
824 6
824 785
825 795
825 124
826 736
832 237
838 712
839 446
839 745
840 125
841 92
845 656
845 601
846 607
851 731
852 598
853 786
854 68
855 57
855 266
855 213
858 24
858 35
859 70
859 212
859 431
860 70
861 297
862 470
869 610
876 586
878 440
878 299
879 212
880 193
880 17
880 44
881 84
882 778
882 603
884 749
885 799
888 178
890 260
890 62
891 871
893 606
895 444
896 44
898 885
901 476
903 455
906 56
907 208
911 552
912 2
914 410
918 776
920 75
921 74
923 637
924 902
924 437
925 808
928 488
930 54
933 121
933 15
934 640
938 369
944 415
944 477
946 70
949 319
949 436
952 785
956 597
957 115
958 841
959 17
961 934
962 518
965 267
967 682
969 59
972 537
977 638
977 57
979 932
981 68
981 474
984 25
985 469
985 447
985 322
985 181
991 735
993 191
994 841
995 707
997 936
999 800
1001 785
1003 556
1003 223
1006 846
1007 550
1012 677
1013 805
1014 312
1014 668
1014 43
1016 559
1016 318
1017 328
1020 210
1021 739
1022 469
1025 901
1026 934
1036 82
1044 450
1047 777
1048 380
1055 702
1056 641
1056 164
1057 223
1063 975
1064 610
1064 869
1065 657
1065 263
1065 22
1073 349
1075 601
1080 932
1080 979
1093 149
1093 381
1100 440
1102 299
1103 551
1105 100
1107 200
1108 131
1112 785
1116 319
1116 436
1123 106
1124 1012
1128 665
1131 539
1133 287
1137 969
1139 88
1144 272
1146 18
1146 237
1146 314
1150 403
1151 121
1151 274
1152 663
1153 1105
1154 507
1157 1076
1157 431
1163 385
1165 240
1168 470
1170 979
1177 488
1178 398
1179 288
1181 731
1187 518
1189 709
1191 579
1193 772
1194 120
1195 1133
1196 934
1196 640
1196 1026
1200 80
1200 319
1200 436
1200 949
1200 1116
1205 50
1205 268
1206 81
1211 150
1212 152
1215 401
1217 938
1219 756
1220 233
1221 893
1221 606
1230 553
1232 1086
1234 1158
1236 316
1241 753
1244 759
1244 355
1247 1219
1252 772
1253 1003
1253 223
1254 731
1256 360
1256 353
1257 311
1257 293
1263 1189
1263 38
1263 267
1265 797
1265 811
1265 116
1266 497
1266 290
1268 217
1269 79
1269 258
1271 669
1271 377
1271 680
1273 1137
1275 136
1276 717
1277 793
1277 425
1280 932
1281 185
1286 248
1289 279
1291 790
1295 796
1295 52
1298 324
1298 22
1300 797
1300 811
1300 1265
1301 235
1302 611
1303 941
1304 1025
1306 1006
1307 903
1307 455
1309 777
1309 202
1309 1047
1309 43
1311 1031
1313 1232
1315 279
1318 321
1319 394
1319 376
1321 1153
1321 100
1324 310
1326 244
1326 173
1327 928
1332 1268
1332 217
1333 405
1338 1291
1344 636
1347 651
1349 267
1352 10
1353 921
1353 74
1354 1150
1354 403
1355 35
1356 391
1357 928
1358 621
1360 604
1363 811
1364 893
1367 1095
1372 1154
1375 1304
1376 333
1381 296
1381 362
1382 75
1383 857
1388 948
1390 523
1391 214
1396 811
1399 701
1400 1224
1401 979
1401 1101
1407 1158
1410 403
1415 712
1417 367
1418 94
1420 316
1422 162
1426 438
1427 653
1427 118
1428 224
1428 217
1430 716
1430 743
1432 727
1433 163
1438 1219
1440 1002
1441 941
1441 250
1442 1163
1443 91
1444 512
1446 1056
1448 1280
1450 647
1452 139
1454 620
1454 288
1455 1153
1455 1105
1458 933
1467 533
1468 220
1468 392
1469 386
1470 59
1470 1137
1473 573
1479 951
1482 1233
1483 438
1485 898
1485 885
1485 799
1487 1096
1490 792
1493 248
1493 587
1493 309
1494 649
