1 0
2 1
2 0
3 2
3 1
4 0
5 0
5 1
5 4
6 3
6 2
7 1
8 6
9 7
10 5
10 0
11 5
12 3
13 12
14 10
15 6
16 8
16 6
17 14
18 14
19 0
20 10
20 5
20 14
21 18
22 2
22 3
23 12
24 19
24 0
24 4
25 0
26 3
27 11
28 18
29 1
30 25
30 0
31 26
32 13
33 10
34 24
35 14
35 17
35 18
36 0
37 25
38 35
39 8
40 24
41 35
42 29
43 20
44 42
45 40
46 19
47 35
47 18
47 14
47 21
48 5
49 0
50 26
51 27
52 39
53 51
54 2
54 0
54 1
54 3
54 6
54 22
55 42
56 36
56 0
57 51
58 50
58 26
59 31
60 15
60 6
61 28
62 5
63 8
64 1
65 56
66 1
67 29
67 1
67 42
68 6
69 64
70 62
70 5
71 14
72 54
73 71
73 14
73 20
73 10
74 44
74 42
75 9
76 22
77 47
77 35
77 17
77 41
78 13
78 12
78 3
78 22
79 27
80 54
80 72
81 12
82 77
83 47
83 35
84 21
85 20
86 41
87 69
88 65
89 85
90 26
91 41
92 40
93 48
93 5
93 1
94 89
95 85
96 56
97 71
98 94
99 25
100 42
101 51
101 53
102 19
103 79
104 15
105 63
106 70
106 5
107 41
108 60
109 14
110 60
111 109
112 61
113 17
113 14
114 48
115 62
115 5
115 70
116 78
116 12
116 13
116 32
117 28
118 114
119 56
120 41
121 62
121 70
122 119
123 1
124 32
124 13
124 78
125 55
125 42
125 29
125 74
126 19
126 46
127 14
127 35
128 48
129 77
130 1
131 112
131 61
132 53
132 51
132 101
133 44
133 74
133 42
134 40
135 17
136 43
137 46
137 126
138 15
139 102
140 77
141 117
142 132
143 88
143 65
144 136
145 27
146 64
147 138
148 22
149 127
150 24
151 81
152 93
153 80
154 92
155 83
156 108
157 48
158 68
159 14
160 116
161 158
162 17
163 142
164 97
165 152
166 65
166 56
166 119
166 122
167 2
168 20
169 143
170 8
171 72
172 117
173 145
174 127
175 21
176 40
176 134
177 110
178 74
179 68
180 36
180 0
180 56
181 18
181 21
182 25
182 0
182 37
182 19
183 0
184 78
185 53
186 22
187 71
188 172
188 117
189 142
190 126
191 93
191 1
192 84
193 139
193 102
194 34
194 24
195 169
196 158
197 120
198 100
199 47
200 61
200 131
200 112
201 144
202 112
203 135
204 100
205 150
205 24
206 68
206 179
207 202
208 65
209 106
209 5
210 67
211 154
212 147
213 154
214 46
215 121
216 178
217 127
217 174
218 139
218 102
218 193
218 19
218 182
219 35
219 18
219 77
219 17
220 23
221 38
221 35
221 83
222 217
223 202
224 183
225 202
225 112
225 207
225 223
225 200
225 131
226 52
227 184
228 51
229 121
230 51
231 178
231 74
232 75
233 134
234 56
235 58
235 50
236 114
236 48
237 134
237 233
238 171
239 37
240 81
240 12
240 151
240 23
240 220
241 4
241 0
242 102
243 97
244 169
245 11
245 5
245 4
246 27
247 113
248 62
248 115
249 213
250 127
251 36
251 0
252 0
253 143
254 56
254 36
254 96
255 66
256 13
256 124
256 78
256 3
256 22
256 26
256 54
256 186
257 16
258 133
259 129
259 77
260 38
260 221
260 35
260 219
261 101
262 144
263 135
263 203
264 9
265 121
265 229
266 46
267 42
268 257
269 189
270 129
270 77
270 259
271 23
272 182
273 250
274 195
275 273
276 177
277 255
277 66
278 265
278 121
279 100
280 246
281 90
281 26
282 264
283 204
283 100
283 279
284 203
285 261
285 101
285 51
285 132
285 57
286 239
287 213
288 137
289 85
290 37
290 239
291 199
292 63
293 250
294 255
295 172
296 213
296 287
297 16
297 8
298 231
299 295
300 150
301 182
302 194
302 24
303 190
303 126
304 140
305 131
306 24
307 8
308 274
308 195
309 186
310 85
311 27
312 229
313 50
314 3
315 47
316 240
316 12
316 220
317 101
317 132
317 285
317 51
318 277
319 197
320 127
320 35
321 251
322 52
322 226
323 191
324 217
325 99
326 115
327 247
327 113
328 15
329 324
330 165
331 236
331 114
332 202
333 133
334 201
335 124
336 250
337 83
337 221
338 49
339 98
340 136
341 189
342 281
343 202
344 144
345 137
346 50
346 235
347 295
348 102
348 193
348 218
348 242
349 269
350 47
351 118
351 114
351 236
352 248
353 327
354 185
355 232
356 277
356 255
356 318
357 8
358 299
358 295
359 52
360 350
361 10
361 14
362 45
363 264
364 88
365 312
366 338
367 74
368 217
368 127
368 222
369 73
370 92
371 368
372 165
373 311
374 90
375 76
376 214
377 219
378 202
379 277
380 350
380 47
380 360
380 14
381 194
381 34
381 302
382 177
383 86
383 41
384 178
385 18
386 271
387 27
388 196
389 318
390 59
390 31
390 26
390 58
390 50
391 191
392 233
392 134
393 12
393 81
393 116
394 275
394 273
395 78
396 28
396 61
397 12
398 9
399 327
400 268
401 25
402 218
403 165
403 152
403 93
404 166
405 323
406 38
407 368
408 338
409 153
409 80
410 165
411 91
411 41
412 236
412 114
413 266
414 221
415 172
416 115
416 62
416 70
416 121
416 106
417 58
417 390
417 59
418 356
419 365
419 312
420 74
421 356
421 318
422 195
423 175
424 290
425 6
426 6
426 68
427 257
428 128
429 56
429 180
429 254
429 36
430 206
431 20
431 5
431 10
431 73
431 168
431 0
432 193
432 139
432 348
432 102
432 218
433 405
434 112
435 392
436 28
437 400
437 268
437 257
438 360
439 406
440 21
440 84
441 270
442 185
443 185
444 107
445 436
446 232
446 355
447 399
448 395
449 308
450 167
451 47
452 260
453 315
454 82
454 77
455 191
456 50
456 58
456 313
457 83
458 62
459 330
459 165
460 383
460 41
460 86
461 283
462 135
462 203
463 419
464 120
464 197
464 319
465 307
466 193
467 294
468 247
468 113
469 235
470 8
471 197
472 335
473 204
474 401
475 160
476 463
476 419
476 365
477 192
478 136
478 43
478 340
479 346
479 50
480 353
480 327
480 247
481 24
482 422
483 214
484 356
485 323
486 280
487 2
488 452
489 469
489 235
490 208
491 473
491 204
492 276
492 177
493 394
494 253
494 143
494 65
495 154
496 7
497 192
498 305
499 1
500 181
501 316
502 337
503 212
503 147
504 390
505 482
506 333
506 133
507 383
507 41
507 460
507 35
507 77
507 411
508 255
509 229
510 489
510 235
511 158
511 68
511 161
512 351
513 504
514 402
515 505
516 6
517 352
518 342
519 295
519 172
519 415
520 358
521 202
521 112
522 504
523 64
523 69
524 420
525 396
526 414
526 221
527 5
528 128
528 48
529 298
530 495
531 210
531 67
531 1
532 387
532 27
533 39
534 6
535 319
535 197
536 476
537 261
538 249
539 365
540 514
540 402
541 168
542 44
543 521
543 202
544 76
545 401
546 187
547 299
548 460
549 446
550 211
551 290
552 97
553 390
554 101
555 44
555 542
556 42
557 452
558 432
558 348
558 102
558 218
558 19
558 193
558 402
559 352
560 258
561 545
562 134
563 249
564 81
565 151
566 261
567 57
568 307
569 122
570 32
570 116
571 33
571 10
572 448
572 395
573 464
574 329
575 83
576 100
577 277
577 66
577 255
577 318
577 356
577 379
577 294
577 508
577 421
577 418
577 484
577 467
578 347
578 295
578 172
578 299
578 358
578 519
579 562
580 258
581 419
582 390
583 476
584 360
585 111
586 101
587 417
588 61
589 21
590 221
591 343
591 202
592 439
592 406
592 38
593 35
594 269
595 199
596 39
597 457
598 446
599 559
600 30
601 160
602 397
602 12
603 5
604 523
605 14
605 35
606 120
607 352
607 248
607 62
608 229
609 17
610 107
611 348
612 299
613 116
614 326
615 452
616 315
617 128
617 48
617 528
617 236
618 91
619 316
619 501
620 121
621 18
622 297
623 248
623 115
624 437
625 564
626 121
627 510
628 384
628 178
629 114
630 521
630 202
630 543
631 480
632 174
632 217
632 222
633 129
633 77
633 270
633 47
633 507
634 298
635 151
636 111
636 109
636 14
636 159
637 486
637 280
638 411
639 521
640 276
641 122
642 100
643 416
644 456
644 50
645 528
646 338
646 408
647 467
648 369
649 554
650 612
651 57
652 587
653 300
654 577
654 277
655 292
656 630
657 558
657 19
657 218
658 278
659 456
660 10
661 193
662 344
662 144
663 526
664 589
665 277
666 19
667 570
668 318
669 475
670 122
671 207
672 324
673 583
674 143
675 496
676 465
677 122
677 166
678 137
679 653
680 188
681 557
681 452
682 137
683 231
683 74
683 178
684 308
685 248
686 300
687 627
687 510
687 489
688 612
689 522
690 404
691 209
692 360
692 350
692 438
693 633
694 20
695 417
695 390
696 91
697 194
698 482
699 4
700 121
701 67
702 477
703 405
704 168
705 509
706 429
706 180
706 36
706 0
707 379
708 398
709 247
709 113
709 468
710 20
711 463
712 546
712 187
713 495
714 645
715 414
716 171
717 429
718 299
719 30
720 392
720 134
721 436
721 28
721 445
722 230
723 722
723 230
724 53
724 185
724 354
725 673
726 348
726 432
727 659
728 246
728 27
728 280
729 608
729 229
729 265
730 278
731 161
731 511
732 646
733 299
734 213
735 524
736 407
737 678
738 128
739 108
740 655
741 97
742 681
743 509
744 321
745 125
746 499
747 610
747 107
748 375
749 587
750 6
751 458
751 62
752 471
753 611
754 618
755 134
756 292
757 421
758 599
759 3
760 269
761 204
762 319
763 625
764 238
765 755
766 458
767 736
768 719
769 48
770 151
771 98
772 409
773 663
774 522
775 459
776 83
777 345
778 525
779 674
780 12
780 81
780 564
780 625
781 656
782 723
783 422
783 195
784 466
785 575
786 574
787 743
788 353
789 115
790 503
791 43
792 188
792 172
792 295
793 219
794 164
795 478
796 172
797 598
798 630
799 195
800 301
801 75
801 232
802 387
803 640
804 501
805 402
806 66
807 297
807 16
807 622
808 437
808 624
809 86
809 41
810 216
811 76
812 632
812 174
812 217
812 222
812 368
813 35
814 329
815 321
816 717
817 367
818 549
819 755
820 717
821 27
822 121
822 265
823 664
824 231
824 178
824 216
825 319
825 197
825 762
826 656
827 321
828 701
829 629
830 484
831 406
832 672
833 334
834 633
835 132
836 775
837 748
838 476
839 755
840 812
841 450
841 167
842 354
843 241
844 736
844 407
845 720
846 63
846 8
846 105
846 292
847 71
848 459
848 330
849 727
850 830
850 484
851 55
851 125
852 39
853 475
854 774
855 325
856 478
857 236
858 704
859 466
859 193
859 784
860 115
861 41
861 411
862 55
862 851
863 847
863 71
864 235
865 147
866 588
867 849
868 505
869 472
869 335
870 732
871 88
871 364
872 488
873 58
874 776
874 83
875 541
876 406
877 592
877 38
878 695
879 580
880 63
881 335
882 265
882 229
883 79
884 259
885 171
886 35
887 707
888 103
889 620
890 528
890 645
891 167
892 200
893 820
894 433
895 90
896 418
897 472
897 335
898 523
899 102
900 519
901 62
901 607
901 248
901 352
902 683
903 433
904 494
905 762
906 56
907 205
908 481
909 103
909 888
910 140
911 668
911 318
912 797
912 598
912 446
913 906
913 56
914 24
914 0
915 365
916 641
917 799
918 25
919 72
920 559
921 230
922 233
922 392
922 134
922 176
923 359
924 714
925 887
926 855
927 439
928 902
928 683
929 787
930 134
931 239
931 37
931 286
931 290
931 424
932 876
933 710
933 20
933 14
933 17
933 18
933 609
933 181
933 385
934 834
935 10
936 74
937 54
937 1
937 2
937 72
937 80
937 919
938 179
939 418
940 903
941 267
942 740
943 674
944 414
944 526
945 837
946 260
947 585
948 339
949 925
950 781
951 70
952 554
953 853
954 454
955 705
956 226
957 357
958 15
959 535
959 197
959 319
959 762
960 928
960 683
960 178
960 824
961 730
962 208
963 253
964 86
964 809
964 41
965 600
966 420
967 934
967 834
968 84
968 440
969 958
970 896
971 362
972 924
972 714
973 358
973 520
974 796
975 39
976 111
976 585
976 947
977 505
978 494
979 821
980 886
981 263
982 16
983 159
983 636
984 682
985 366
986 602
986 12
986 397
987 840
988 277
989 749
990 9
991 978
991 494
992 602
993 686
994 252
995 582
995 390
995 504
996 391
997 338
998 338
999 330
1000 471
1000 752
1001 701
1002 161
1003 156
1004 291
1005 764
1006 712
1007 615
1008 401
1009 11
1010 199
1011 83
1011 337
1011 221
1011 502
1012 869
1013 612
1014 647
1015 512
1016 348
1017 995
1018 590
1019 415
1020 333
1021 529
1022 853
1023 787
1024 455
1024 191
1025 711
1026 1000
1026 471
1027 122
1028 286
1029 370
1030 843
1031 511
1032 247
1032 113
1033 368
1034 424
1034 290
1034 931
1034 37
1034 239
1035 450
1036 14
1037 873
1038 427
1039 685
1040 963
1041 724
1042 111
1043 188
1043 172
1044 415
1044 172
1045 36
1045 180
1045 251
1045 429
1045 56
1045 717
1046 161
1047 31
1048 163
1049 741
1049 97
1050 7
1051 840
1052 399
1052 327
1053 332
1053 202
1053 343
1053 543
1053 591
1054 80
1055 87
1055 69
1055 523
1056 1029
1057 628
1058 1004
1058 291
1058 199
1059 719
1060 984
1061 30
1061 25
1061 37
1061 1034
1062 673
1063 909
1063 888
1064 49
1064 0
1064 338
1064 408
1064 646
1065 306
1065 24
1066 438
1067 771
1067 98
1067 94
1068 753
1069 438
1070 803
1071 440
1072 893
1073 614
1073 326
1073 115
1074 100
1075 370
1076 1018
1077 204
1077 283
1077 100
1078 218
1078 182
1079 225
1080 428
1081 131
1082 1044
1083 1065
1084 869
1085 389
1086 10
1087 1042
1087 111
1087 585
1087 976
1087 947
1088 222
1089 454
1090 395
1091 634
1091 298
1091 231
1091 529
1092 923
1092 359
1093 264
1094 596
1095 515
1095 505
1096 811
1096 76
1097 692
1097 350
1097 360
1097 438
1098 42
1099 310
1099 85
1099 20
1100 78
1101 906
1102 647
1103 212
1103 503
1104 383
1105 747
1106 438
1107 221
1107 260
1108 712
1109 179
1109 206
1109 68
1110 909
1111 693
1112 80
1112 409
1112 772
1113 351
1114 629
1114 114
1115 1051
1116 430
1116 206
1117 843
1117 1030
1118 941
1119 129
1120 386
1121 13
1122 530
1122 495
1123 456
1124 359
1125 642
1125 100
1125 1074
1125 1077
1126 444
1127 833
1127 334
1128 1100
1129 445
1130 706
1131 596
1132 164
1132 97
1132 794
1132 71
1132 243
1132 552
1132 741
1132 847
1132 863
1133 187
1133 546
1133 712
1134 554
1135 750
1136 750
1136 6
1137 1085
1138 1065
1139 38
1140 174
1141 14
1142 226
1142 52
1142 322
1142 956
1143 991
1144 952
1144 554
1145 114
1145 118
1146 314
1147 183
1148 272
1148 182
1149 159
1150 49
1151 956
1151 226
1151 322
1152 627
1152 510
1152 687
1153 368
1153 371
1154 577
1155 697
1156 238
1157 459
1158 690
1159 550
1159 211
1160 461
1160 283
1161 852
1162 1061
1163 236
1164 838
1165 546
1166 81
1166 240
1166 220
1167 770
1168 1069
1168 438
1169 361
1170 1085
1171 1045
1172 866
1172 588
1173 178
1173 216
1174 183
1175 546
1176 504
1177 853
1177 475
1177 160
1177 669
1177 116
1177 601
1178 27
1179 601
1180 594
1181 606
1182 274
1182 195
1182 308
1182 799
1182 449
1182 684
1183 174
1183 217
1184 895
1185 370
1185 92
1186 384
1187 496
1188 565
1188 151
1189 978
1190 1111
1190 693
1190 633
1191 753
1191 611
1192 258
1193 196
1194 226
1195 86
1195 41
1196 792
1197 387
1198 490
1198 208
1199 986
1200 374
1201 653
1201 679
1202 714
1203 963
1204 1170
1205 1117
1206 137
1206 345
1206 682
1207 194
1208 7
1208 9
1209 582
1210 233
1210 392
1210 435
1211 1142
1211 226
1212 729
1213 673
1214 372
1215 312
1216 233
1217 246
1218 69
1219 242
1219 102
1220 272
1221 1165
1222 162
1223 1201
1223 653
1223 679
1224 1064
1225 142
1226 82
1227 526
1227 414
1228 942
1228 740
1229 102
1230 999
1230 330
1231 606
1232 828
1233 948
1234 10
1235 529
1236 389
1237 457
1237 83
1238 545
1239 95
1239 85
1240 191
1241 152
1241 403
1242 1226
1243 102
1244 8
1245 408
1245 1064
1245 0
1245 49
1245 338
1245 1224
1245 56
1246 120
1247 872
1248 827
1249 474
1249 401
1250 483
1250 214
1250 376
1251 965
1252 498
1253 979
1254 651
1254 57
1254 285
1254 567
1255 1120
1256 1164
1257 594
1257 1180
1258 170
1258 8
1258 307
1259 552
1260 948
1261 639
1262 419
1263 760
1263 269
1264 263
1265 711
1265 1025
1266 998
1267 217
1268 497
1269 1245
1270 225
1271 763
1272 212
1272 1103
1273 95
1273 1239
1274 367
1274 74
1274 817
1275 624
1275 437
1276 49
1277 275
1278 632
1278 222
1279 564
1280 627
1281 746
1282 719
1283 684
1284 368
1284 217
1285 172
1286 171
1287 546
1288 239
1289 1153
1290 998
1290 338
1291 1033
1291 368
1292 647
1293 971
1293 362
1294 89
1295 84
1296 935
1296 10
1296 660
1297 514
1298 995
1299 374
1300 501
1301 239
1302 583
1303 487
1304 964
1305 1020
1305 333
1306 854
1306 774
1306 522
1307 15
1308 342
1309 1252
1310 926
1311 682
1312 604
1313 861
1314 183
1315 1177
1315 116
1316 714
1317 920
1318 1239
1318 95
1319 1233
1320 361
1321 484
1322 643
1323 664
1324 90
1325 328
1326 67
1326 1
1326 210
1326 701
1326 0
1326 2
1326 531
1327 773
1328 505
1329 817
1330 460
1330 507
1331 657
1331 558
1331 432
1332 922
1333 189
1333 142
1334 1281
1335 790
1336 21
1337 684
1338 304
1338 140
1339 789
1340 754
1341 137
1342 492
1343 205
1343 150
1344 560
1344 258
1345 809
1346 1332
1346 922
1347 702
1348 285
1348 57
1349 271
1350 372
1351 592
1351 877
1352 551
1353 131
1354 842
1355 740
1356 682
1357 794
1358 1014
1359 697
1360 126
1361 979
1361 821
1362 1007
1363 863
1364 697
1364 1359
1365 1274
1365 367
1366 413
1366 266
1367 915
1367 365
1368 777
1368 345
1369 1092
1370 1087
1371 142
1372 779
1373 1340
1374 661
1375 1015
1376 357
1377 1282
1378 347
1379 89
1379 85
1379 1099
1380 54
1381 1345
1382 62
1383 139
1384 667
1384 570
1385 1317
1386 880
1387 1033
1388 1377
1389 652
1390 464
1390 319
1391 159
1392 520
1393 150
1393 1343
1393 205
1393 24
1393 907
1393 0
1394 1123
1395 237
1396 623
1396 115
1396 860
1397 513
1398 790
1398 503
1398 1335
1399 333
1399 1020
1399 1305
1400 566
1401 790
1402 362
1403 1
1404 1277
1405 527
1406 224
1406 183
1406 1174
1407 783
1408 533
1409 1132
1410 664
1411 1006
1411 712
1412 1
1413 912
1414 997
1415 636
1416 1230
1417 708
1418 941
1419 1343
1419 205
1420 1214
1421 1123
1422 1186
1423 624
1424 798
1425 1056
1426 709
1426 247
1427 1080
1428 991
1429 221
1430 1356
1431 451
1432 247
1433 955
1434 487
1435 1400
1435 566
1436 1004
1436 291
1436 1058
1436 199
1436 1010
1437 5
1438 694
1439 239
1440 396
1440 525
1441 1206
1441 345
1441 1368
1442 100
1443 109
1444 642
1445 1086
1445 10
1445 5
1446 650
1447 682
1448 1091
1449 402
1450 830
1450 484
1450 850
1451 506
1451 133
1451 333
1451 1399
1452 994
1452 252
1453 596
1454 678
1455 769
1456 112
1457 1083
1458 183
1459 310
1459 85
1459 1099
1459 1239
1460 591
1460 343
1461 1215
1461 312
1462 1176
1463 1126
1463 444
1463 107
1464 987
1464 840
1465 1173
1466 111
1467 1225
1468 38
1469 1424
1470 387
1471 919
1472 480
1473 482
1474 324
1475 147
1476 1107
1477 29
1477 125
1478 373
1479 1354
1480 84
1480 192
1480 1295
1481 1132
1481 847
1482 207
1483 475
1484 1320
1485 737
1486 994
1487 1110
1488 722
1488 230
1488 921
1489 608
1490 882
1491 232
1492 1095
1493 750
1493 1135
1494 1057
1495 1154
1496 827
1497 50
1498 1460
1499 1058
1500 260
1501 214
1502 662
1503 980
1503 886
1504 450
1505 237
1506 1245
1507 1424
1507 1469
1508 1193
1509 1169
1509 361
1510 234
1511 879
1511 580
1512 310
1513 265
1514 419
1514 476
1515 1254
1516 930
1517 582
1518 965
1519 1410
1520 458
1521 523
1522 529
1522 1091
1522 1235
1523 803
1524 1005
1525 826
1526 1522
1526 1091
1527 1517
1528 1481
1529 813
1530 717
1531 1320
1532 578
1533 560
1534 247
1535 1501
1535 214
1536 877
1537 1117
1538 416
1538 121
1539 1495
1540 1335
1541 1111
1542 447
1542 399
1543 1168
1544 529
1545 1063
1546 680
1547 1142
1548 1375
1549 784
1550 460
1550 548
1551 1247
1552 1197
1552 387
1553 1401
1553 790
1554 1157
1555 182
1556 301
1557 561
1557 545
1557 1238
1558 216
1559 1528
1560 171
1561 1515
1561 1254
1562 636
1563 1227
1564 1441
1565 1504
1566 1478
1567 363
1567 264
1567 1093
1568 536
1569 83
1570 1522
1570 529
1570 1526
1571 1420
1572 585
1573 618
1573 754
1574 1543
1574 1168
1575 751
1576 403
1577 990
1577 9
1578 543
1579 1236
1579 389
1580 721
1581 1235
1582 1012
1583 1021
1584 1334
1585 597
1586 1221
1587 362
1587 971
1587 1293
1588 262
1589 586
1590 870
1591 140
1592 1128
1592 1100
1593 1200
1594 1346
1595 1370
1596 821
1596 979
1597 1555
1598 350
1599 1368
1599 345
1599 777
1599 137
1599 682
1600 340
1600 478
1600 856
1601 26
1602 1314
1603 1597
1604 1260
1605 1435
1605 566
1605 1400
1606 1019
1607 1338
1607 140
1607 304
1608 298
1609 1348
1609 57
1610 600
1611 378
1612 1207
1612 194
1613 1111
1614 1572
1615 583
1616 1540
1617 73
1618 1202
1619 563
1620 315
1620 47
1621 272
1621 1148
1621 182
1622 833
1622 334
1623 1458
1624 1311
1624 682
1624 984
1625 527
1626 1174
1626 183
1627 172
1628 1406
1629 1580
1629 721
1630 899
1631 958
1632 1630
1633 77
1634 1512
1635 32
1635 116
1636 1139
1637 556
1638 724
1639 1077
1640 750
1640 1136
1640 6
1641 275
1642 1491
1642 232
1643 324
1644 934
1645 1019
1645 415
1645 1606
1645 519
1646 1631
1646 958
1647 398
1648 918
1649 826
1650 258
1651 982
1652 1121
1652 13
1653 206
1654 1647
1655 635
1656 1554
1656 1157
1657 34
1658 836
1658 775
1659 168
1660 425
1660 6
1661 982
1662 220
1663 1114
1664 678
1665 378
1666 645
1666 714
1667 1088
1668 286
1669 289
1670 252
1671 1267
1672 702
1672 1347
1673 1533
1674 1476
1674 1107
1675 955
1676 763
1677 447
1677 1542
1678 1304
1679 685
1680 1458
1680 183
1681 175
1682 615
1682 452
1682 260
1683 1021
1684 59
1684 417
1685 1679
1686 1316
1687 751
1687 62
1687 458
1687 1575
1688 136
1689 655
1690 300
1691 1237
1691 83
1691 221
1691 1011
1692 271
1693 1204
1694 509
1695 367
1696 1367
1697 35
1698 1146
1699 1072
1699 893
