1 0
2 0
3 2
3 0
4 0
5 3
5 2
5 0
6 3
7 5
8 0
9 0
10 4
10 0
10 5
11 3
12 6
12 3
13 10
14 13
15 5
16 8
17 11
18 16
18 8
19 5
20 17
20 11
21 7
22 4
23 5
24 22
25 3
26 20
27 3
28 9
28 0
29 14
30 15
31 2
32 26
32 20
32 11
32 17
33 32
34 0
35 7
36 13
37 10
38 3
39 12
39 6
40 21
40 7
40 5
40 35
41 15
42 8
43 24
44 15
45 21
46 37
46 10
47 2
48 46
49 47
50 35
51 49
52 0
52 34
53 35
54 16
55 11
56 23
57 12
57 39
57 6
58 46
59 4
60 2
61 13
62 32
63 24
64 16
65 21
65 45
66 12
67 20
68 24
69 1
69 0
70 69
71 9
72 32
73 29
74 68
74 24
75 72
76 2
76 3
77 10
78 56
79 2
79 47
79 49
79 51
80 69
81 32
82 68
83 20
83 32
83 11
84 71
85 33
86 80
86 69
87 63
88 65
89 41
90 26
91 38
92 17
93 34
94 5
95 0
96 28
97 80
98 28
99 3
100 84
101 77
102 99
103 37
103 10
103 46
104 61
105 95
106 69
107 0
107 5
107 10
107 52
107 2
107 15
108 99
109 15
110 85
111 9
112 20
113 109
114 13
115 77
116 66
117 2
117 0
118 40
119 62
120 28
121 88
121 65
122 1
122 0
122 69
123 67
124 83
124 11
125 51
126 27
127 66
128 38
129 116
129 66
130 35
131 10
132 110
133 91
134 74
135 41
136 56
137 11
138 109
139 123
140 67
141 77
141 115
142 1
143 12
144 109
144 15
144 138
144 5
144 30
144 41
144 44
145 56
146 39
147 17
148 67
149 103
150 27
151 142
152 126
153 96
153 28
154 104
155 8
156 15
156 44
157 14
157 29
158 138
159 34
160 20
161 126
162 42
163 52
164 47
165 37
165 103
166 76
167 94
168 164
169 68
170 149
171 39
172 80
173 130
173 35
174 136
174 56
175 112
176 29
177 9
178 158
178 138
179 30
180 119
181 88
182 179
183 150
183 27
184 110
184 132
185 34
186 0
186 10
187 147
188 82
189 132
190 79
191 31
192 92
193 19
194 179
195 143
195 12
196 17
197 88
198 42
199 187
200 91
201 144
201 109
202 51
203 169
204 88
205 45
206 204
207 24
208 64
209 67
210 102
211 14
212 40
213 17
214 46
214 48
215 13
215 61
216 123
217 123
218 120
219 133
220 4
221 186
222 101
223 205
224 180
225 115
225 77
226 222
227 182
228 166
229 107
230 31
231 50
232 187
233 191
234 185
235 135
235 41
236 114
237 144
238 194
239 130
239 35
240 152
241 186
242 8
242 42
243 115
243 77
243 141
244 190
244 79
245 224
246 212
247 105
247 95
248 196
249 173
250 92
250 17
251 117
251 2
252 65
252 45
252 121
253 53
254 38
255 0
256 88
257 220
257 4
258 26
259 184
259 110
259 132
259 85
259 189
260 254
261 2
262 212
263 248
264 5
264 3
264 40
264 144
264 25
265 11
265 124
266 119
267 48
268 232
269 64
269 16
269 208
270 165
270 37
270 103
271 0
272 224
273 51
273 49
274 220
275 269
276 188
277 270
278 256
279 83
280 4
280 257
281 236
282 42
283 52
283 163
284 56
285 7
286 231
287 125
288 240
289 222
289 101
290 12
291 44
291 144
292 150
293 142
294 28
295 92
296 283
297 51
298 122
299 132
300 81
301 284
302 60
303 3
303 11
304 168
305 255
306 274
306 220
307 271
307 0
308 1
309 30
310 22
310 4
311 184
312 214
313 81
314 258
315 17
316 46
317 186
318 241
319 121
320 70
321 284
321 301
322 270
322 165
322 277
323 272
324 204
325 45
326 231
326 50
326 286
327 240
328 137
329 288
330 45
331 192
332 174
333 278
334 117
335 322
336 67
337 53
337 35
338 78
339 160
340 20
341 49
342 145
343 91
344 306
345 102
345 210
346 248
347 38
347 91
348 214
348 48
348 46
349 135
350 126
351 331
352 322
353 293
354 269
355 245
356 15
356 156
357 329
358 196
358 248
359 274
359 220
359 306
360 213
361 72
362 169
363 36
364 171
365 253
366 84
367 134
368 295
368 92
368 17
368 196
369 87
370 347
371 22
371 4
372 154
373 146
374 168
374 164
375 358
376 347
377 337
378 205
378 223
379 21
379 7
379 40
380 44
381 357
382 371
383 375
384 93
385 103
386 49
387 168
388 172
389 48
389 214
390 158
391 258
392 364
393 295
393 368
394 159
395 239
395 130
396 206
397 210
398 113
399 242
400 373
400 146
401 262
402 269
403 149
403 170
404 104
405 222
406 273
407 306
407 274
408 26
409 389
409 48
409 214
410 192
410 331
410 351
411 371
412 356
412 15
413 247
413 95
414 144
415 212
416 370
416 347
417 205
418 160
418 339
419 179
420 299
421 417
422 249
423 254
424 281
425 81
426 117
427 84
428 425
429 326
430 148
430 67
431 381
432 274
433 44
434 145
434 56
435 302
436 366
436 84
437 29
438 354
439 165
439 322
440 74
440 134
441 189
442 39
442 146
443 432
444 375
445 337
445 35
445 377
446 120
447 143
447 195
447 12
448 96
448 153
449 438
449 354
450 338
451 214
451 312
452 198
452 42
453 319
454 83
455 277
456 297
456 51
457 168
458 140
458 67
459 28
460 212
461 91
462 208
463 119
464 234
465 369
466 413
467 245
467 355
468 318
468 241
469 1
470 305
470 255
471 286
472 212
472 460
473 73
474 385
475 44
476 350
477 148
477 430
478 69
478 106
479 281
480 369
481 279
481 83
482 229
483 405
483 222
484 201
484 109
484 144
485 93
486 139
486 123
487 402
488 336
489 87
489 63
489 369
490 432
491 476
492 27
493 46
494 426
495 384
496 104
497 399
497 242
498 4
499 92
500 289
501 325
502 469
503 131
504 161
505 370
506 250
507 262
507 401
508 153
509 392
510 497
511 405
511 483
512 418
513 262
514 190
514 79
515 4
516 420
516 299
517 91
518 359
519 198
519 42
519 452
520 60
521 364
522 340
522 20
523 208
524 190
524 79
524 244
524 514
525 430
525 67
526 206
526 204
527 285
527 7
527 5
527 94
528 106
529 68
530 366
531 106
532 425
533 106
534 448
534 153
535 368
536 329
537 252
538 33
539 80
540 426
541 322
542 251
543 10
543 46
544 303
544 3
544 11
544 137
544 328
545 100
546 426
547 267
547 48
548 533
549 85
550 385
551 331
552 547
553 333
554 189
555 193
556 81
557 20
558 527
559 26
560 434
561 506
562 118
563 428
564 225
564 77
564 115
565 251
565 117
566 72
567 16
568 345
569 2
570 433
571 287
571 125
572 237
573 166
574 530
575 165
576 293
577 439
578 93
579 161
580 452
581 107
582 209
582 67
583 162
584 370
585 478
586 311
586 184
587 43
588 70
588 69
588 0
588 1
588 478
589 6
590 109
591 263
592 272
593 235
593 41
594 273
595 587
596 239
597 535
598 333
599 251
599 565
600 98
601 228
602 28
603 141
603 115
604 265
605 13
606 43
606 24
606 22
607 148
608 481
609 460
609 212
609 262
609 472
610 601
611 315
612 221
613 385
614 19
614 5
615 434
616 69
617 196
618 493
619 11
620 542
620 251
621 584
621 370
621 416
622 608
622 481
623 550
624 50
625 176
625 29
625 14
625 157
626 611
627 352
628 320
628 70
629 154
630 377
631 166
632 401
633 620
634 86
634 80
635 558
635 527
636 258
637 169
638 394
638 159
638 34
639 208
640 281
641 338
642 475
643 511
644 306
645 437
646 192
647 424
647 281
648 226
648 222
649 98
650 23
651 380
652 533
653 390
653 158
654 274
655 530
656 208
657 184
658 320
659 23
659 650
660 535
661 419
662 421
662 417
662 205
663 456
664 98
665 516
666 518
667 551
668 94
668 167
669 227
669 182
670 628
671 10
672 615
673 668
674 628
674 670
675 515
676 146
676 373
676 400
677 386
678 301
678 284
679 634
680 39
681 428
681 425
681 532
682 551
683 301
683 678
684 269
685 39
686 558
687 662
688 389
689 7
690 106
690 528
690 531
691 386
691 49
691 677
692 515
693 226
694 613
695 325
696 575
697 445
697 35
698 676
699 107
700 467
701 60
702 51
703 539
704 641
705 146
706 586
706 311
707 524
708 162
709 434
710 399
711 641
712 654
712 274
713 72
714 22
714 24
714 43
715 216
716 271
717 407
718 218
718 120
719 461
719 91
719 200
720 132
721 191
722 271
723 547
723 552
724 626
725 513
726 574
727 701
728 389
728 214
728 451
729 155
730 383
730 375
731 677
732 696
732 575
732 165
733 44
734 593
734 41
735 64
736 458
736 67
737 727
738 76
739 622
740 339
741 677
742 271
742 0
742 307
742 722
743 136
744 715
745 704
746 111
747 53
748 118
748 40
749 636
750 654
750 274
750 712
751 576
751 293
752 22
752 310
753 81
754 71
754 9
754 84
755 156
756 605
756 13
756 61
757 398
758 610
759 330
760 207
761 219
761 133
761 91
762 592
763 238
764 243
765 463
766 573
767 538
767 33
767 32
768 739
769 119
770 698
771 641
771 704
772 650
773 251
774 557
775 448
776 124
776 83
776 265
776 604
777 677
778 557
779 510
779 497
780 665
781 467
782 133
783 531
784 541
785 64
786 507
787 527
787 7
787 635
787 5
787 144
788 362
789 660
790 363
791 65
791 21
791 45
791 252
791 537
792 124
792 11
793 582
794 337
795 449
795 438
795 354
796 297
797 408
798 679
799 496
799 104
799 61
800 210
801 636
802 504
802 161
803 305
804 420
805 318
805 468
806 138
806 144
806 44
806 264
806 484
806 5
806 40
806 3
806 27
807 704
808 487
809 99
810 712
811 307
812 580
813 250
814 716
815 12
815 66
816 437
817 205
818 286
818 326
818 429
819 722
819 271
819 716
819 814
820 158
821 786
822 201
822 109
823 578
824 177
825 505
826 804
827 798
828 253
829 382
830 44
830 291
830 144
831 625
832 462
832 208
833 191
834 669
834 182
834 227
834 179
834 30
834 194
834 419
834 238
834 763
835 689
836 691
836 49
836 47
836 386
837 197
838 215
838 61
838 756
838 799
839 143
840 113
841 290
842 118
843 453
844 413
845 52
845 0
845 107
846 713
847 301
848 681
849 599
850 100
851 233
852 636
853 439
853 165
854 631
855 603
856 704
857 324
858 154
859 618
860 604
860 265
860 776
860 124
861 851
862 362
863 225
864 371
865 10
866 207
866 24
867 272
868 338
869 573
870 439
871 435
872 241
873 679
874 48
875 621
876 851
876 861
877 349
878 32
879 161
879 802
880 231
881 238
881 834
882 451
883 3
884 852
885 727
886 619
887 694
888 856
889 126
890 492
891 405
892 802
893 378
894 842
894 118
895 76
895 2
896 845
897 725
898 329
899 851
899 233
900 733
900 44
901 124
902 488
903 872
904 871
904 435
905 595
906 738
907 102
908 663
908 456
909 106
910 407
911 520
912 758
913 642
914 141
915 544
916 762
916 592
917 448
918 561
919 30
920 634
920 679
920 798
920 873
920 827
921 1
922 849
922 599
923 329
924 315
924 611
925 237
926 3
927 543
928 259
929 462
930 435
931 169
931 362
932 674
932 628
933 796
934 541
934 322
935 728
935 214
935 451
936 363
937 500
938 267
939 278
940 23
941 538
941 33
941 767
941 32
942 936
942 363
943 257
944 617
945 861
946 408
947 665
947 780
948 191
949 576
950 63
951 451
951 728
952 378
952 205
953 185
954 122
955 581
956 769
957 415
958 280
958 4
958 257
959 544
960 957
961 926
962 626
963 692
964 671
964 10
965 526
966 567
966 16
966 8
966 269
967 380
967 44
967 651
967 144
968 386
968 836
969 192
970 512
971 156
972 685
973 174
974 858
975 11
976 31
976 2
976 76
976 251
977 725
978 284
979 585
980 814
980 716
980 819
981 315
982 858
982 974
983 324
984 412
985 952
985 378
986 617
986 196
987 118
988 594
989 801
990 789
991 677
992 478
993 827
994 668
995 586
995 706
996 608
997 281
998 650
998 23
999 58
999 46
1000 325
1001 891
1002 82
1003 700
1004 689
1004 7
1005 160
1005 20
1005 339
1005 418
1006 462
1007 618
1008 582
1009 402
1010 174
1011 377
1011 337
1011 445
1012 996
1013 979
1014 675
1015 811
1016 169
1017 731
1018 880
1019 377
1020 228
1020 601
1020 610
1021 947
1022 440
1022 74
1023 980
1024 165
1025 736
1026 823
1026 578
1026 93
1027 960
1028 592
1029 626
1030 560
1031 126
1032 891
1032 405
1033 352
1034 997
1035 287
1036 572
1037 526
1038 721
1039 565
1040 161
1041 745
1041 704
1041 771
1041 856
1042 1017
1043 609
1044 857
1045 582
1046 308
1047 311
1048 627
1049 807
1049 704
1050 850
1051 37
1052 740
1053 347
1054 112
1054 20
1054 175
1055 396
1055 206
1056 188
1057 579
1058 482
1059 841
1059 290
1059 12
1060 339
1061 683
1062 792
1063 634
1064 918
1065 805
1066 429
1067 238
1068 45
1069 447
1070 546
1070 426
1071 682
1071 551
1072 687
1073 467
1074 279
1075 654
1076 549
1077 399
1077 497
1077 710
1078 667
1079 381
1080 1023
1081 169
1082 565
1082 117
1082 334
1083 42
1084 916
1085 283
1086 478
1086 69
1087 626
1088 632
1089 839
1089 143
1089 447
1089 12
1090 661
1091 643
1092 642
1093 562
1094 313
1095 1017
1096 957
1097 110
1098 187
1099 1069
1099 447
1100 1022
1100 440
1101 809
1102 470
1102 255
1102 305
1103 830
1104 447
1105 46
1105 10
1106 661
1106 419
1106 1090
1107 466
1107 413
1107 844
1108 491
1109 243
1110 136
1111 99
1112 771
1112 704
1113 44
1114 308
1115 944
1116 1
1116 142
1116 293
1117 693
1118 217
1118 123
1119 760
1119 207
1120 853
1121 653
1121 390
1121 158
1122 472
1123 476
1123 491
1123 1108
1124 444
1124 375
1125 501
1125 325
1125 1000
1126 908
1127 922
1128 627
1128 352
1128 1048
1129 476
1129 350
1129 491
1129 1123
1129 126
1129 1108
1130 691
1131 653
1132 1033
1133 476
1134 349
1134 877
1135 524
1136 507
1136 786
1137 1052
1137 740
1138 744
1139 726
1139 574
1140 480
1141 1113
1142 284
1143 1132
1144 170
1145 171
1145 364
1145 521
1146 107
1147 278
1147 333
1147 553
1147 598
1148 1129
1149 916
1149 762
1150 198
1151 835
1152 308
1153 618
1154 1042
1155 775
1156 257
1156 220
1156 280
1156 958
1157 445
1158 482
1158 229
1158 1058
1159 958
1159 4
1159 1156
1160 61
1161 1144
1162 217
1163 79
1163 244
1164 430
1165 344
1165 306
1166 1158
1166 482
1167 64
1167 16
1168 907
1169 1001
1170 210
1170 397
1171 1080
1172 802
1173 477
1174 345
1175 298
1176 730
1177 1073
1178 764
1178 243
1179 676
1180 192
1181 1069
1182 639
1183 337
1183 1011
1183 377
1184 35
1184 7
1184 40
1184 379
1185 909
1186 1083
1187 81
1188 586
1189 628
1190 1165
1190 344
1190 306
1191 644
1192 414
1193 593
1194 472
1195 771
1196 62
1196 119
1196 769
1196 956
1197 157
1198 673
1199 1190
