1 0
2 1
3 2
4 1
4 2
5 3
6 0
6 1
7 6
8 6
9 4
9 1
10 4
11 2
12 11
12 2
13 4
14 10
15 10
16 2
17 13
18 8
19 18
19 8
20 17
21 9
22 12
23 9
24 2
25 5
26 13
27 14
28 5
29 2
29 1
29 11
29 16
29 12
30 10
31 3
32 23
33 25
33 5
33 28
34 16
35 28
35 5
35 33
36 34
37 3
38 21
39 25
40 39
41 28
42 36
42 34
43 8
44 30
45 29
46 23
46 32
47 10
48 37
49 28
49 5
49 41
50 31
51 12
52 8
53 31
54 41
55 39
56 7
57 31
58 2
58 29
59 56
59 7
60 32
61 38
61 21
62 32
63 52
63 8
64 60
65 34
66 14
67 7
68 26
69 36
70 61
71 11
72 68
73 39
74 29
75 22
76 44
76 30
77 0
78 52
79 71
80 38
81 75
81 22
82 0
83 2
84 46
84 23
85 8
86 42
87 8
87 19
88 68
88 72
89 19
89 8
90 32
90 60
91 56
92 84
92 23
93 12
94 92
95 16
96 48
97 53
98 60
99 58
100 92
100 84
100 94
100 46
101 37
102 30
103 38
104 90
104 32
104 60
105 41
106 81
107 69
108 96
109 11
110 68
110 88
111 91
112 33
113 33
114 7
114 56
115 55
116 114
117 49
118 11
119 15
120 82
121 25
122 14
123 16
124 8
125 1
126 104
127 77
127 0
128 70
129 94
130 75
131 116
131 114
132 129
133 84
134 60
134 104
135 79
136 123
137 52
137 63
138 46
139 28
139 41
139 105
140 15
140 10
140 30
140 44
141 29
142 54
143 138
143 46
144 0
145 85
145 8
146 23
147 89
147 19
148 141
149 135
149 79
150 119
151 46
152 37
153 87
154 110
154 68
154 88
154 72
155 101
156 116
157 150
158 0
159 21
160 94
161 89
162 116
163 124
164 99
165 113
165 33
166 45
167 88
168 6
169 86
169 42
169 36
170 165
171 134
172 134
172 104
173 114
173 56
174 91
175 5
176 122
177 172
178 90
179 70
180 123
180 16
180 136
181 37
182 169
183 32
184 34
185 53
186 106
187 127
188 19
189 33
190 110
190 88
191 61
192 31
193 142
194 12
195 84
196 143
197 158
198 111
199 99
199 164
200 113
201 10
202 90
202 60
202 178
203 102
204 97
204 53
204 31
204 185
205 150
206 156
206 116
207 182
208 32
209 160
210 83
211 44
212 188
213 8
214 169
214 86
214 42
214 36
214 34
214 184
215 34
216 160
217 152
218 156
218 116
218 206
219 212
220 181
221 93
222 184
222 214
223 107
223 69
224 162
224 116
225 94
226 50
226 31
227 150
228 165
229 59
229 56
229 91
230 166
231 218
232 165
233 113
234 219
235 76
236 224
237 87
238 219
239 138
240 229
241 189
242 13
242 4
243 11
243 12
243 29
243 93
244 149
245 124
246 141
246 148
247 155
248 244
248 149
249 211
249 44
250 7
251 243
251 11
252 97
253 59
253 7
254 205
255 13
256 194
257 98
258 180
259 88
260 222
261 131
262 69
263 159
264 2
265 169
265 36
266 7
266 59
267 172
268 111
268 91
269 87
270 217
271 158
272 213
273 191
273 61
274 210
275 137
276 91
276 174
277 190
278 137
279 139
279 28
280 142
280 193
281 122
282 33
282 35
282 113
282 165
282 189
282 241
283 72
284 261
284 131
285 81
286 97
287 2
288 163
289 224
290 143
291 172
291 177
292 167
292 88
293 173
294 110
295 258
296 17
296 13
297 275
297 137
297 52
297 63
297 78
297 8
297 89
297 147
297 19
298 115
299 250
300 166
301 234
301 219
301 238
302 52
303 202
304 200
304 113
305 209
306 28
307 287
308 84
309 40
309 39
310 160
311 187
311 127
312 283
313 304
313 113
314 203
315 76
316 125
317 244
318 118
319 102
319 30
319 203
319 314
320 245
321 5
322 86
323 269
324 95
325 219
326 200
327 131
328 67
328 7
329 245
330 82
331 191
332 173
333 110
334 158
334 0
334 197
334 271
335 82
336 65
336 34
337 328
338 213
339 57
340 60
341 91
342 86
343 28
344 292
345 60
346 230
347 344
348 190
349 144
350 114
351 276
352 317
353 169
354 231
355 130
356 147
356 297
356 52
356 78
356 89
357 119
358 135
358 79
358 149
358 244
358 248
359 43
360 274
361 324
361 95
362 320
362 245
363 30
364 33
365 54
366 170
366 165
366 228
367 178
368 149
369 134
370 163
371 307
372 68
373 209
374 71
375 366
376 50
377 144
378 324
378 95
378 361
379 371
379 307
379 287
380 234
381 94
382 335
383 260
384 350
385 365
386 147
387 209
387 160
387 305
387 373
388 106
388 81
389 329
390 98
390 60
390 257
391 216
391 160
391 209
392 340
392 60
393 59
394 11
395 179
396 110
397 342
398 242
399 7
400 21
400 61
401 318
402 157
402 150
403 337
404 329
405 155
406 241
407 356
408 370
409 194
410 181
410 220
411 330
411 82
412 408
413 405
414 170
414 165
414 232
415 76
416 366
417 173
418 195
418 84
419 93
420 166
421 183
421 32
422 76
422 235
423 239
424 52
425 252
426 417
427 221
428 422
429 354
429 231
430 170
431 325
432 362
433 284
434 273
435 140
436 192
437 376
438 172
438 177
438 267
438 291
439 329
440 44
441 42
442 343
443 68
444 105
445 136
446 41
447 334
448 250
448 299
449 185
450 88
451 303
451 202
451 90
452 94
453 189
454 188
454 19
454 212
455 361
456 210
456 274
457 401
458 168
459 196
459 143
460 220
460 181
460 410
460 37
461 136
462 203
463 138
464 127
465 17
466 270
467 456
468 184
468 222
469 461
470 359
471 23
472 413
473 298
474 278
474 137
475 252
475 97
476 90
477 89
478 153
478 87
479 179
480 442
481 143
482 477
482 89
482 297
482 356
483 199
484 446
485 184
486 183
486 421
487 44
487 140
488 155
489 413
490 400
490 21
491 273
492 217
493 413
494 401
495 87
495 19
495 237
496 334
497 477
498 0
499 184
499 485
500 51
501 92
502 162
502 116
503 15
503 140
503 44
504 22
505 196
506 20
507 42
508 478
508 87
508 153
509 196
510 205
511 315
512 315
512 76
512 511
512 422
512 428
513 324
513 361
513 95
513 378
514 487
515 12
515 11
515 29
516 432
516 362
517 269
518 31
519 433
520 443
521 327
522 242
523 67
524 104
525 452
525 94
526 265
527 288
527 163
528 216
529 408
529 370
530 171
530 134
531 442
532 517
533 519
534 229
535 356
535 89
536 62
536 32
537 223
538 446
539 165
540 293
541 325
541 431
542 405
543 201
544 318
545 265
546 446
546 41
546 484
547 73
548 155
549 433
549 284
550 35
551 326
551 200
552 171
553 75
554 421
555 366
555 228
556 414
556 232
557 267
558 271
559 417
560 249
561 187
562 511
562 315
562 512
563 81
563 22
563 106
564 377
565 461
566 292
567 537
568 298
569 62
570 173
571 309
572 62
572 569
573 557
573 267
573 172
574 318
575 63
576 304
576 113
576 200
577 221
578 531
579 29
580 445
581 442
582 395
583 426
584 380
585 159
586 172
586 104
586 573
587 94
588 385
589 204
590 208
590 32
590 536
590 62
591 95
592 525
593 508
594 473
594 298
594 568
595 312
596 472
597 281
598 316
599 182
600 561
601 504
601 22
601 12
601 81
601 106
601 186
602 57
603 273
603 61
603 21
604 352
605 181
606 24
607 76
608 192
609 508
610 497
611 498
612 165
613 467
613 456
614 130
614 355
615 45
616 587
617 268
618 359
619 539
620 289
621 9
621 21
622 172
623 338
623 213
624 48
625 437
625 376
626 309
626 39
627 329
628 194
629 590
630 539
631 114
632 138
633 497
634 632
634 138
634 46
634 143
634 196
635 599
635 182
636 291
637 440
638 316
639 591
640 575
640 63
641 325
642 65
642 336
642 34
643 327
643 131
643 521
643 116
644 519
645 447
645 334
645 496
646 241
647 12
648 251
649 155
650 159
651 46
651 151
652 105
653 53
654 32
655 480
655 442
656 611
657 255
657 13
658 251
659 216
659 160
659 387
659 373
659 209
660 535
661 367
662 323
663 548
663 155
664 106
665 592
665 525
665 452
666 78
666 52
667 492
667 217
668 152
669 371
670 86
671 155
672 137
673 147
674 395
675 288
676 514
677 190
677 348
678 246
679 172
679 586
679 622
680 89
680 297
681 212
681 188
681 454
681 19
682 180
682 258
683 554
684 145
685 516
686 73
687 27
688 353
689 568
690 459
691 420
692 216
693 575
694 331
695 409
696 510
697 75
697 22
698 293
699 358
700 401
701 154
702 117
703 651
703 46
703 151
703 23
703 32
704 355
704 130
705 354
706 247
707 500
707 51
707 12
708 561
708 187
709 1
710 112
711 637
712 117
713 141
714 422
715 233
716 216
716 528
717 634
718 504
719 399
720 517
721 463
722 240
722 229
722 59
723 595
724 369
724 134
725 201
726 52
727 95
728 60
729 20
730 720
730 517
731 449
731 185
732 303
733 278
734 486
735 574
736 436
737 432
738 261
739 233
740 446
741 65
742 110
743 142
744 35
745 37
745 3
746 542
747 371
748 567
749 503
750 237
750 87
751 292
752 500
753 208
754 415
755 621
756 112
756 33
756 710
757 86
758 372
759 21
760 418
761 744
762 193
762 142
763 348
764 606
765 388
766 280
767 282
767 189
768 594
769 384
770 100
770 94
771 633
771 497
772 400
773 395
774 683
775 365
776 49
777 500
778 447
779 670
780 387
781 507
782 680
783 284
784 674
785 244
786 702
787 562
788 61
789 84
790 404
790 329
791 120
792 103
793 109
794 314
795 680
796 401
797 324
798 632
799 488
800 54
800 142
800 365
801 599
802 581
803 201
804 380
805 27
806 307
807 250
808 293
809 762
810 246
811 578
812 31
813 47
814 257
815 658
816 136
816 461
817 728
818 387
819 720
820 279
821 733
821 278
822 402
823 465
824 297
825 820
826 584
827 792
828 362
829 343
829 28
829 442
829 480
829 581
829 655
830 15
831 669
831 371
832 240
832 722
833 38
834 770
835 54
836 609
836 508
836 153
837 152
838 693
839 56
840 407
841 427
842 92
842 501
843 776
844 572
845 450
846 458
847 444
847 105
847 41
848 704
849 292
850 660
851 387
851 209
851 305
852 761
853 278
854 485
855 762
856 780
857 805
858 631
859 830
860 199
861 797
862 210
863 597
864 293
864 808
865 77
865 0
866 21
867 441
868 589
868 204
869 238
870 331
871 375
872 376
873 579
874 20
874 17
874 729
874 296
874 13
875 621
876 858
877 665
878 10
879 673
880 331
881 706
882 247
883 748
884 13
885 78
886 26
886 13
886 68
886 4
887 214
887 42
887 441
888 77
889 802
890 417
890 426
890 559
890 583
891 116
891 156
891 224
891 206
891 218
891 162
891 236
892 33
892 113
892 282
892 165
892 233
893 450
893 845
894 807
894 250
895 142
896 676
897 366
898 155
899 225
900 80
901 753
902 500
903 139
903 105
903 847
904 56
905 815
906 723
907 511
907 315
908 569
909 190
910 368
910 149
911 799
912 749
912 503
913 685
914 685
914 516
914 913
915 374
915 71
916 134
916 369
916 530
916 724
916 171
917 37
918 193
919 411
920 286
920 97
921 493
922 618
922 359
923 886
924 353
925 79
926 790
927 812
927 31
927 50
928 29
929 773
929 395
930 351
931 268
932 16
933 574
934 318
934 401
934 457
934 700
935 48
936 137
937 219
938 719
938 399
939 632
939 798
940 732
941 582
942 354
943 467
943 613
944 790
945 251
946 375
947 85
947 8
947 19
948 311
949 405
949 155
950 19
951 354
952 397
953 886
954 454
955 512
955 422
955 714
956 94
957 242
958 335
958 82
959 153
960 45
961 828
962 641
963 593
964 882
965 524
965 104
966 694
967 808
968 910
969 627
970 588
971 847
972 745
972 3
972 37
972 5
972 48
972 96
972 624
973 745
974 339
975 864
976 878
977 209
978 55
978 115
978 298
979 542
980 722
980 229
981 691
982 69
983 197
983 334
983 0
984 733
985 904
986 848
987 412
988 84
989 769
990 326
990 200
990 576
990 304
991 37
992 742
993 126
994 636
994 291
995 870
996 434
996 273
997 23
998 788
999 410
1000 724
1001 69
1002 365
1003 56
1003 91
1004 56
1005 402
1006 863
1006 597
1007 738
1007 261
1007 284
1008 101
1009 189
1009 33
1009 453
1009 767
1009 282
1010 417
1010 890
1010 426
1011 259
1011 88
1012 438
1013 349
1014 653
1015 1001
1015 69
1016 547
1017 257
1018 508
1019 81
1019 601
1020 888
1021 426
1022 516
1023 51
1024 638
1025 994
1026 767
1027 257
1027 390
1028 380
1028 804
1029 455
1029 361
1030 937
1031 318
1032 66
1033 472
1034 967
1035 480
1036 79
1036 358
1037 701
1037 154
1038 127
1038 0
1038 464
1039 861
1040 654
1041 226
1042 133
1043 789
1043 84
1043 133
1044 559
1044 890
1045 289
1046 320
1047 133
1047 84
1047 1042
1047 46
1048 69
1049 673
1050 169
1050 86
1050 214
1051 200
1052 147
1053 665
1054 944
1055 940
1056 1014
1057 397
1058 370
1059 562
1060 755
1061 199
1062 1052
1062 147
1063 563
1064 177
1065 618
1066 925
1067 609
1068 517
1069 578
1070 628
1071 799
1071 488
1071 911
1072 1022
1073 440
1074 392
1075 684
1076 572
1077 908
1077 569
1078 161
1079 16
1080 534
1080 229
1081 163
1081 370
1082 975
1083 418
1083 760
1084 252
1085 793
1085 109
1086 619
1087 537
1087 567
1088 176
1089 421
1090 310
1090 160
1090 216
1091 316
1092 494
1092 401
1093 336
1094 407
1095 658
1096 380
1096 584
1096 1028
1096 804
1097 67
1097 7
1097 523
1098 103
1098 792
1099 597
