1 0
2 0
3 2
4 1
4 0
5 3
6 5
7 4
8 1
8 4
9 6
10 9
11 4
12 9
12 10
13 0
14 10
14 9
15 14
16 4
17 11
17 4
18 4
18 7
18 16
19 17
20 6
21 17
21 11
21 19
22 9
23 7
23 4
23 18
24 16
25 12
26 3
27 18
27 4
27 7
27 23
28 23
28 18
29 6
30 17
31 10
31 12
31 9
31 25
32 19
33 12
34 14
35 8
35 1
35 0
35 4
36 24
37 7
37 4
38 11
39 22
40 24
41 9
42 30
43 27
44 9
44 6
44 14
44 20
45 36
46 18
47 25
48 41
49 2
50 14
51 18
52 45
53 33
53 12
54 51
55 50
55 14
56 37
57 53
58 52
59 17
60 54
60 51
61 32
62 52
63 8
63 1
64 31
65 6
66 4
67 17
67 21
68 61
69 42
70 66
71 11
72 16
72 18
73 1
74 26
74 3
75 31
75 64
76 34
77 10
77 12
77 53
78 1
79 69
79 42
80 21
80 11
80 19
81 9
82 75
83 79
84 30
85 55
86 42
87 85
88 27
88 7
88 18
89 56
89 37
90 54
91 25
92 64
92 31
92 75
93 11
94 89
95 58
95 52
96 88
97 51
97 18
98 51
99 88
99 96
100 6
101 66
102 85
103 59
104 82
104 75
105 57
106 49
107 66
108 41
109 35
110 30
111 31
112 10
112 9
112 12
112 33
113 36
114 50
115 70
116 73
116 1
116 63
117 98
118 15
119 8
119 35
120 86
121 110
122 79
123 77
123 53
124 41
125 2
126 5
127 57
128 57
129 38
129 11
130 120
131 130
132 112
133 121
134 24
135 127
135 57
136 25
137 79
138 135
138 127
138 57
139 70
140 70
141 134
142 67
142 21
142 17
142 19
142 80
142 32
142 61
143 120
143 86
144 101
144 66
145 127
145 57
145 138
146 109
147 21
147 67
147 80
148 98
149 38
150 144
151 51
152 66
153 150
154 2
154 49
154 125
154 106
155 98
156 81
156 9
157 151
158 66
158 4
158 27
158 18
159 147
159 67
159 17
159 142
160 64
160 75
160 92
161 145
162 22
162 9
162 31
163 77
164 79
164 83
165 84
166 113
167 93
167 11
168 22
168 9
168 39
168 12
168 14
168 156
168 31
168 33
168 50
168 81
168 10
169 58
170 126
170 5
171 150
172 109
173 131
173 130
174 52
174 62
175 29
175 6
176 41
176 108
177 163
178 63
179 23
180 157
180 151
181 71
182 100
183 52
184 45
184 36
185 35
186 119
186 8
186 35
186 1
187 14
188 184
189 163
190 154
191 32
192 148
193 133
194 18
195 39
196 86
197 131
198 81
198 9
199 37
200 124
201 153
202 158
202 18
202 7
202 72
202 37
203 89
204 82
205 18
205 51
206 128
207 122
208 69
208 42
209 165
210 31
210 92
210 162
210 75
210 9
211 138
212 79
213 203
214 92
215 184
216 19
216 17
217 24
218 162
219 150
220 159
220 67
220 142
221 8
222 215
223 2
224 87
224 85
225 35
226 207
227 131
228 0
229 196
230 196
231 131
232 157
233 127
234 78
235 19
236 85
237 136
238 220
239 126
239 5
239 170
239 6
240 4
240 37
241 74
242 98
243 51
244 118
244 15
245 126
245 170
246 226
247 125
248 178
249 134
250 195
251 111
252 45
253 57
253 127
254 34
254 76
255 236
256 174
257 2
258 131
259 39
260 2
261 171
262 17
263 215
264 165
265 254
266 129
267 129
268 152
269 220
270 78
271 108
272 248
273 222
274 38
275 21
276 160
277 59
278 169
278 58
279 130
280 270
281 255
282 146
283 145
284 264
285 46
285 18
285 88
286 79
287 98
288 119
289 149
290 25
291 245
292 101
293 34
294 242
294 98
295 146
296 68
297 167
298 156
299 237
300 250
301 234
302 35
303 154
304 188
305 52
306 148
307 37
307 89
308 49
309 80
310 290
311 131
312 79
313 296
314 52
315 84
316 294
317 101
318 243
318 51
319 24
319 36
319 45
319 184
320 189
320 163
321 297
321 167
322 3
323 278
324 278
325 218
326 51
327 298
328 82
329 14
330 37
330 202
331 213
332 212
333 214
334 299
335 175
336 314
337 118
338 113
339 122
340 45
341 216
342 109
343 260
344 245
345 142
346 144
347 139
348 286
349 312
350 256
351 141
352 235
353 260
354 148
355 244
356 142
356 32
356 61
356 191
357 293
358 98
358 242
358 294
359 315
359 84
360 159
361 240
362 256
362 174
363 241
364 312
364 349
365 44
366 92
367 126
368 129
368 267
369 119
370 127
371 280
371 270
372 244
372 15
372 355
373 296
374 49
375 341
376 273
377 119
377 369
378 75
378 160
379 215
380 223
381 1
382 37
383 322
384 81
384 9
385 186
385 119
386 102
386 85
386 224
387 16
388 130
389 52
390 240
391 215
392 112
392 132
393 27
394 28
395 181
395 71
396 311
397 392
398 117
398 98
398 155
398 287
398 358
399 158
400 111
401 7
402 326
403 172
404 68
405 209
406 262
407 396
407 311
408 105
409 348
409 286
410 53
411 163
412 61
413 215
413 379
413 391
414 69
415 316
415 294
415 98
415 242
415 358
415 398
415 155
416 85
416 87
417 412
418 166
419 16
419 72
419 202
420 408
421 125
422 271
423 63
423 8
423 4
423 37
423 7
424 323
424 278
425 207
426 51
426 326
427 63
428 234
429 325
430 160
431 314
431 52
431 183
432 376
433 189
433 320
433 163
433 77
434 242
435 53
436 193
436 133
437 299
438 383
439 232
439 157
440 333
440 214
441 159
442 392
443 269
444 328
445 168
445 9
445 14
445 329
446 57
447 320
447 163
448 257
449 416
450 380
451 273
452 136
452 25
453 220
453 238
453 269
454 185
455 172
455 403
456 423
457 2
457 49
457 125
457 154
458 261
458 171
459 40
460 32
460 356
461 190
461 154
461 106
461 303
462 186
463 41
464 336
464 314
465 362
466 78
467 37
467 56
468 349
469 460
469 356
469 32
470 247
471 105
472 360
473 310
474 335
475 277
476 205
476 51
476 60
476 54
477 327
478 433
479 343
480 123
481 268
482 209
483 198
484 151
485 240
485 37
486 483
487 341
488 86
489 262
490 78
491 479
492 406
493 349
494 264
495 439
495 157
495 232
496 182
496 100
497 345
497 142
498 341
499 54
500 485
501 355
501 244
501 372
501 15
502 262
503 285
504 252
504 45
505 454
506 162
507 394
508 60
508 51
508 476
508 54
508 205
509 154
510 15
511 167
512 427
513 450
514 7
514 18
514 27
515 225
516 343
516 260
517 245
517 170
518 4
519 214
519 92
520 150
521 66
521 158
522 492
523 350
524 106
525 395
526 402
526 326
527 205
528 372
529 278
530 428
531 327
532 80
532 21
533 59
534 493
535 476
535 54
536 166
536 418
537 135
538 121
539 453
540 117
541 193
542 534
543 484
543 151
544 272
545 468
546 191
547 253
548 540
549 531
550 4
551 25
551 12
551 31
551 91
552 462
553 381
553 1
553 73
554 128
555 514
556 184
556 45
557 387
558 99
559 491
559 479
559 343
560 184
561 140
561 70
561 66
561 115
561 101
561 144
562 303
563 182
563 100
563 496
564 483
565 457
566 159
566 17
566 262
567 208
567 69
568 499
569 347
570 285
570 18
570 46
570 88
571 524
571 106
572 285
573 69
574 566
575 382
576 207
577 220
578 235
579 348
580 407
581 28
581 18
582 549
583 269
584 463
585 492
586 417
587 247
588 36
589 467
590 337
591 190
592 337
593 504
594 584
595 58
595 95
596 577
597 590
598 37
599 72
600 565
601 484
601 151
602 422
603 547
603 253
604 164
605 522
606 285
607 12
608 415
608 242
609 500
610 356
611 479
612 53
613 227
614 408
614 420
615 241
616 598
617 295
618 247
618 125
619 226
619 207
620 240
620 4
620 361
620 485
621 579
622 519
622 214
622 92
622 366
623 374
624 34
625 3
626 257
627 186
628 86
629 424
629 278
630 168
631 416
632 84
633 177
633 163
633 320
633 189
633 447
634 78
635 186
635 1
635 8
635 35
635 4
636 483
637 287
638 191
638 356
639 600
639 565
640 326
641 450
642 636
643 100
644 639
644 565
645 284
646 323
646 278
647 389
648 400
649 259
650 59
651 274
652 454
653 166
654 50
655 95
656 414
657 45
658 165
659 136
659 237
659 299
660 33
661 263
662 12
663 157
664 356
664 32
664 142
664 460
665 638
666 60
667 91
668 37
669 409
670 625
670 3
670 2
670 74
670 154
670 257
670 260
670 353
671 386
672 199
673 147
674 422
675 637
676 621
677 168
678 431
678 52
678 183
678 62
679 498
679 341
680 196
681 403
681 172
681 455
681 109
682 649
683 653
684 381
685 602
686 571
687 298
688 619
689 352
689 235
690 217
691 258
692 586
693 459
694 31
695 162
696 275
696 21
696 19
696 142
696 32
696 356
697 452
698 493
698 349
699 82
699 104
699 204
700 679
700 341
700 498
701 283
702 178
702 248
702 272
703 467
703 56
703 589
704 4
705 569
706 76
707 437
707 299
708 430
709 244
710 680
711 42
712 364
713 479
714 88
714 27
714 99
715 536
716 597
717 702
717 272
717 248
717 544
717 178
718 680
718 196
718 710
719 715
720 465
721 119
722 460
723 25
723 136
723 452
724 466
725 217
726 288
727 35
728 159
729 131
730 319
731 526
732 336
733 530
734 328
735 663
736 372
737 570
737 18
737 46
738 620
738 361
739 23
740 417
741 613
741 227
742 379
743 77
744 186
745 310
745 290
746 99
747 536
748 536
749 158
749 27
749 514
749 7
749 555
750 224
751 685
751 602
752 451
752 273
753 748
754 440
755 321
756 653
757 505
758 36
759 108
760 120
761 257
762 578
763 455
763 403
763 681
763 109
763 172
763 146
764 222
765 108
766 742
766 379
767 170
768 408
768 105
769 544
769 272
770 225
771 714
772 225
773 576
773 207
774 214
774 440
775 679
776 545
777 258
778 446
779 615
780 695
781 136
782 300
783 365
784 387
785 737
786 362
787 3
788 611
789 350
789 256
789 174
790 502
791 637
792 712
792 364
792 312
793 562
794 760
794 120
795 371
796 718
797 701
797 283
797 145
798 184
799 166
800 758
801 624
802 550
802 4
803 332
804 673
804 147
805 125
806 615
807 680
808 192
809 664
809 142
810 181
811 569
811 705
812 51
813 720
814 771
815 602
815 422
815 751
815 674
816 443
817 511
818 650
819 809
820 756
821 148
822 331
822 213
823 655
824 320
825 41
826 415
827 555
828 444
829 645
830 687
831 573
832 774
833 608
834 631
835 404
836 5
837 153
838 266
839 763
840 759
841 502
842 287
843 26
844 792
844 712
844 364
845 191
846 539
847 228
848 499
849 715
849 536
849 719
849 166
849 418
850 62
851 111
852 58
852 278
853 210
854 523
855 322
856 799
857 123
858 69
859 259
860 323
861 47
862 544
863 203
864 261
865 290
866 580
867 115
868 571
869 324
869 278
870 406
871 110
872 757
873 71
873 395
874 225
875 57
876 318
877 201
878 575
878 382
879 258
880 699
881 786
882 167
883 168
884 592
884 337
884 118
884 590
884 244
884 597
885 108
886 736
886 372
887 93
888 622
889 335
890 320
890 824
891 71
892 611
893 161
894 749
895 836
896 26
896 3
897 325
898 675
898 637
899 219
899 150
900 181
900 395
901 7
902 523
902 350
902 256
902 789
903 94
903 89
904 136
905 850
906 9
906 162
907 132
908 628
909 495
910 128
911 134
912 385
912 186
913 463
914 325
915 880
916 316
917 242
917 294
918 469
919 313
920 532
921 294
921 98
922 662
923 383
924 789
925 18
926 810
927 236
928 11
929 425
930 436
931 728
932 503
933 41
934 290
935 776
936 406
936 262
937 766
938 849
938 715
939 799
940 141
941 736
941 886
942 583
943 899
944 292
944 101
945 534
946 386
946 85
947 363
948 519
949 48
949 41
950 427
950 512
951 350
952 530
953 175
954 376
955 174
955 362
956 405
957 296
958 157
959 424
959 629
960 70
961 828
962 950
963 10
964 24
964 40
964 217
964 725
965 349
966 905
966 850
967 875
968 496
969 926
969 810
970 211
971 943
972 705
973 23
973 28
974 136
974 452
975 654
976 283
977 741
978 922
978 662
978 12
979 467
979 589
980 420
981 90
982 92
982 75
982 160
982 430
983 297
984 228
985 702
985 717
986 62
986 678
987 181
987 71
988 932
989 5
990 692
991 522
992 708
993 924
993 789
993 174
994 202
994 419
995 72
995 18
995 570
996 610
997 109
998 447
998 633
999 866
999 580
999 407
1000 301
1001 381
1002 919
1002 313
1003 169
1003 58
1004 367
1005 471
1006 748
1007 401
1008 955
1009 958
1010 1
1011 214
1012 430
1013 1
1014 186
1015 989
1015 5
1015 170
1016 18
1017 804
1018 933
1019 698
1020 460
1021 296
1022 714
1022 27
1022 99
1022 88
1022 96
1023 531
1024 550
1024 4
1025 397
1026 437
1026 299
1026 707
1027 197
1027 131
1028 936
1029 461
1029 154
1030 283
1031 325
1032 768
1033 67
1033 17
1033 142
1033 61
1034 703
1035 443
1036 849
1037 156
1038 697
1038 452
1039 698
1039 349
1039 312
1039 364
1039 792
1040 810
1041 783
1041 365
1042 1017
1043 620
1044 161
1045 89
1046 367
1047 817
1048 423
1049 167
1050 11
1051 101
1051 317
1051 561
1052 857
1053 379
1053 742
1054 315
1054 359
1055 466
1056 106
1057 234
1058 196
1058 718
1059 153
1060 859
1061 1012
1062 142
1062 809
1063 634
1064 153
1065 282
1066 358
1067 624
1067 801
1068 438
1069 1032
1070 84
1071 527
1072 909
1073 1054
1074 433
1075 514
1076 428
1077 1036
1078 763
1079 15
1080 735
1081 504
1081 593
1082 696
1083 903
1083 89
1083 94
1084 282
1085 763
1085 172
1085 681
1085 403
1085 109
1085 455
1086 1021
1087 855
1088 118
1089 470
1090 147
1091 520
1092 1049
1093 90
1094 1038
1095 411
1096 852
1096 58
1096 278
1096 95
1096 1003
1096 595
1097 424
1098 511
1099 507
1099 394
1100 410
1100 53
1101 377
1102 160
1103 845
1104 944
1105 472
1106 162
1107 919
1107 313
1107 1002
1108 920
1109 840
1110 174
1110 62
1111 596
1112 100
1113 686
1114 280
1115 676
1116 525
1117 491
1118 263
1118 215
1119 1106
1119 162
1119 906
1120 772
1121 1018
1122 43
1122 27
1123 486
1124 221
1124 8
1125 184
1126 1069
1127 799
1127 166
1127 856
1128 221
1129 45
1130 789
1131 872
1132 60
1133 706
1133 76
1134 241
1135 1084
1135 282
1136 733
1137 693
1138 132
1139 515
1139 225
1139 874
1140 963
1141 575
1142 447
1143 321
1144 775
1145 266
1146 680
1146 196
1147 414
1148 1042
1148 1017
1149 326
1150 399
1151 1092
1152 536
1153 797
1153 701
1154 845
1155 59
1156 243
1157 625
1158 287
1158 842
1159 416
1159 85
1160 16
1161 182
1162 583
1163 647
1164 222
1165 401
1165 7
1165 1007
1165 423
1165 37
1165 63
1165 456
1165 1
1165 116
1165 178
1165 717
1166 489
1167 663
1168 983
1169 286
1170 890
1171 244
1172 316
1172 294
1173 908
1174 118
1174 15
1174 884
1174 597
1175 994
1176 882
1177 360
1177 159
1177 472
1178 668
1179 1132
1180 1081
1181 345
1182 783
1183 498
1184 48
1185 948
1185 519
1186 982
1187 625
1187 3
1187 670
1187 1157
1187 5
1188 408
1189 858
1190 416
1190 85
1190 946
1190 386
1191 236
1191 255
1192 1103
1193 536
1194 1130
1195 1145
1196 530
1197 213
1198 639
1199 1050
1200 1078
1201 119
1202 55
1202 50
1202 14
1203 1009
1204 1088
1204 118
1205 205
1206 856
1207 205
1208 762
1209 753
1210 822
1211 52
1211 389
1212 174
1213 407
1214 81
1214 168
1214 384
1215 546
1216 653
1217 1029
1218 894
1219 1057
1220 77
1221 1193
1222 65
1223 496
1224 939
1225 1009
1226 282
1227 1203
1228 301
1229 818
1230 1221
1230 1193
1230 536
1231 778
1232 143
1233 960
1233 70
1233 140
1233 561
1234 849
1234 719
1235 1108
1236 476
1236 508
1236 51
1237 1184
1237 48
1237 41
1237 949
1238 269
1239 998
1240 975
1241 848
1242 83
1243 143
1243 1232
1244 372
1245 1029
1246 314
1247 416
1248 968
1249 681
1249 403
1249 763
1249 1085
1250 125
1251 942
1252 613
1252 227
1252 741
1252 131
1253 400
1254 172
1254 403
1254 681
1255 1123
1256 1163
1257 797
1258 1144
1259 243
1260 845
1261 330
1262 24
1263 122
1264 663
1265 139
1266 1184
1267 358
1268 859
1269 832
1269 774
1269 440
1270 671
1271 850
1271 905
1272 508
1272 60
1273 167
1274 1054
1275 611
1276 226
1277 171
1278 903
1279 1245
1279 1029
1280 683
1281 748
1282 331
1283 529
1283 278
1284 1004
1285 149
1286 10
1287 612
1288 779
1289 1233
1290 402
1291 84
1292 683
1293 654
1294 1188
1295 1172
1295 294
1296 1062
1296 142
1296 809
1297 222
1297 273
1298 28
1298 18
1299 697
1300 450
1301 1298
1302 1039
1303 907
1304 691
1305 1059
1306 457
1307 1291
1308 281
1309 727
1310 910
1310 128
1310 554
1311 903
1312 546
1313 1153
1314 942
1315 158
1316 273
1317 333
1317 440
1318 914
1319 1316
1320 760
1321 1279
1322 1178
1323 1176
1324 1088
1325 817
1325 1047
1326 1139
1327 1287
1327 612
1328 1216
1328 653
1329 502
1330 373
1331 800
1332 663
1332 1264
1333 236
1334 833
1335 321
1335 755
1335 1143
1336 1027
1337 258
1338 1244
1339 305
1340 793
1341 945
1342 696
1343 1053
1344 695
1345 42
1345 79
1345 86
1345 312
1346 780
1347 499
1347 54
1347 568
1347 848
1348 472
1349 292
1350 1337
1351 865
1352 982
1353 992
1353 708
1354 45
1354 36
1355 180
1356 498
1357 1057
1358 1040
1359 137
1360 794
1361 424
1361 323
1361 278
1361 646
1362 204
1363 547
1364 289
1365 907
1366 967
1367 127
1367 138
1367 145
1367 211
1368 561
1368 1233
1369 869
1370 906
1371 421
1372 808
1373 545
1373 468
1373 776
1373 935
1374 99
1374 88
1375 133
1376 593
1377 633
1378 1322
1379 698
1379 349
1379 1039
1380 23
1381 430
1382 720
1382 813
1383 280
1384 607
1385 1305
1385 1059
1386 522
1387 1135
1387 282
1387 1084
1388 1312
1388 546
1389 857
1389 1052
1390 383
1390 322
1390 3
1390 855
1390 1087
1391 150
1392 893
1392 161
1393 618
1393 125
1394 1055
1395 400
1395 111
1395 851
1396 807
1397 734
1397 328
1398 461
1399 570
1399 18
1400 454
1400 652
1401 1355
1402 1132
1403 666
1404 246
1405 1052
1406 358
1407 333
1408 376
1409 1073
1409 1054
1410 290
1411 157
1412 86
1412 196
1412 230
1412 718
1413 1181
1414 1282
1415 1181
1416 906
1416 1370
1417 460
1417 32
1417 1020
1418 1357
1418 1057
1418 1219
1419 349
1420 564
1421 1030
1422 1100
1423 347
1424 847
1425 1293
1425 654
1426 337
1426 884
1427 6
1427 20
1428 993
1429 156
1430 294
1430 1172
1430 316
1431 1020
1432 666
1433 631
1434 730
1435 510
1436 34
1437 128
1438 872
1439 928
1440 1089
1440 470
1441 19
1442 1208
1442 762
1442 578
1443 851
1444 1399
1445 553
1446 230
1446 196
1446 1412
1447 1083
1447 89
1448 1193
1449 343
1450 1014
1451 1389
1451 1052
1451 857
1451 1405
1452 151
1453 1448
1453 1193
1454 1280
1455 694
1455 31
1455 111
1455 851
1456 409
1457 196
1458 681
1459 1455
1459 111
1460 410
1461 969
1462 93
1463 907
1464 369
1465 1164
1466 830
1467 678
1468 292
1468 101
1468 944
1468 1349
1469 980
1470 1431
1471 1123
1471 1255
1472 342
1473 1280
1473 1454
1474 488
1475 581
1476 814
1476 771
1476 714
1476 1022
1477 400
1478 227
1478 1252
1479 787
1480 1448
1481 1090
1482 769
1483 192
1484 1451
1485 546
1486 214
1487 396
1488 1343
1488 1053
1488 379
1488 742
1488 215
1488 413
1488 766
1489 273
1490 682
1491 1106
1491 1119
1492 842
1493 1310
1494 404
1495 329
1496 739
1497 1140
1498 1452
1498 151
1499 1240
1499 975
1500 223
1501 636
1502 978
1503 1258
1504 291
1504 245
1505 401
1506 923
1507 1083
1507 1447
1508 1312
1509 566
1510 1349
1511 514
1511 27
1512 999
1513 75
1514 1167
1514 663
1514 157
1514 958
1514 1411
1515 1281
1516 389
1517 411
1517 163
1517 1095
1518 865
1519 399
1520 806
1520 615
1521 1514
1522 1193
1523 760
1524 706
1525 628
1526 1078
1527 982
1528 278
1529 113
1530 354
1531 913
1532 1354
1533 1264
1534 1358
1535 79
1536 23
1537 696
1538 1453
1538 1193
1539 1352
1540 1203
1540 1009
1541 1052
1541 857
1542 1493
1543 585
1544 6
1545 691
1546 1115
1547 13
1547 0
1548 827
1549 155
1550 1361
1551 391
1551 215
1552 652
1552 454
1552 185
1552 35
1552 109
1552 186
1552 302
1553 91
1554 295
1554 617
1555 609
1556 315
1557 1424
1558 126
1559 1146
1560 1451
1561 834
1562 1101
1563 8
1564 673
1565 410
1566 1489
1567 59
1568 258
1569 1391
1570 1102
1571 1031
1572 704
1573 565
1574 595
1574 1096
1575 457
1576 413
1577 70
1577 561
1577 1233
1577 140
1578 1154
1578 845
1578 191
1578 32
1578 638
1578 1417
1579 783
1580 1012
1581 812
1582 979
1583 545
1583 468
1583 1373
1584 1368
1584 1233
1584 561
1584 960
1584 70
1584 1051
1585 656
1586 330
1587 195
1588 363
1589 231
1590 1374
1590 99
1590 88
1590 7
1590 27
1590 37
1590 423
1590 1165
1591 1382
1592 1589
1593 356
1593 696
1594 585
1595 59
1596 81
1597 603
1598 806
