1 0
2 0
3 1
4 3
4 1
5 1
6 0
6 1
7 0
8 6
9 2
10 4
10 1
10 3
11 10
12 8
13 10
14 6
15 8
15 12
16 4
17 15
17 8
17 6
18 7
19 14
20 6
21 4
22 12
23 11
24 2
24 0
24 1
24 7
25 18
26 18
26 25
27 15
27 12
27 8
27 22
28 19
29 7
30 28
31 2
32 23
33 15
34 31
34 2
35 12
36 19
37 0
38 34
39 27
40 10
41 16
41 4
42 39
43 18
43 7
43 26
43 0
43 24
43 25
43 1
43 3
43 10
44 17
45 28
46 4
47 44
48 38
48 34
49 8
49 17
50 0
51 21
51 4
52 29
53 37
53 0
54 13
55 19
56 15
57 54
57 13
58 22
58 27
59 19
60 55
61 55
62 14
63 44
63 47
64 20
65 45
65 28
66 61
67 59
68 1
68 0
68 37
69 11
70 19
71 63
72 59
73 17
74 50
74 0
75 28
75 30
76 15
77 75
78 68
79 10
80 16
81 65
81 45
81 28
82 49
83 4
83 21
84 76
85 39
86 56
87 44
88 64
89 53
89 0
90 16
91 60
92 31
92 2
92 34
92 38
93 63
94 24
95 46
96 47
97 18
98 0
99 84
100 39
101 21
102 64
102 88
103 102
104 20
105 69
106 47
107 6
108 95
109 16
110 10
111 108
112 52
113 45
114 5
115 15
116 83
117 50
118 41
119 7
120 105
120 69
121 115
122 61
123 35
123 12
124 27
125 87
126 78
127 113
127 45
128 99
129 52
130 29
131 21
132 80
133 93
134 50
135 125
136 78
137 101
138 104
139 69
140 44
141 91
142 28
143 48
143 34
143 38
144 124
144 27
144 8
144 15
144 22
144 39
144 58
145 65
145 45
146 90
147 17
148 97
149 37
150 78
151 98
152 121
153 110
153 10
154 89
154 53
155 4
156 20
157 135
158 123
158 12
159 67
160 66
161 110
162 71
163 23
164 87
165 19
165 55
165 70
165 60
165 61
165 91
165 141
166 4
167 100
168 107
168 6
169 110
170 167
170 100
171 58
172 167
173 57
174 74
175 65
176 10
177 164
178 7
178 18
179 86
180 56
181 83
182 20
183 120
184 108
185 101
186 178
187 1
188 80
189 130
190 61
191 151
192 24
193 127
194 47
195 120
196 45
197 6
197 0
197 20
197 168
197 7
198 121
198 115
199 69
200 145
201 50
202 121
202 152
203 126
203 78
203 150
204 171
205 35
206 114
207 132
208 87
209 69
210 133
211 175
212 90
213 195
213 120
214 108
214 111
215 141
216 190
217 121
217 152
217 198
217 115
218 131
219 96
220 216
221 215
221 141
221 91
222 20
223 130
223 29
223 189
224 96
225 38
226 120
227 52
228 148
229 226
230 54
231 157
232 3
233 210
234 231
235 79
236 225
236 38
237 175
238 5
239 14
239 62
240 60
241 139
242 83
242 116
243 56
244 5
245 135
245 125
246 218
247 5
248 41
249 230
249 54
249 13
249 57
250 190
251 141
252 197
253 20
254 112
255 192
256 87
257 118
258 195
258 120
259 250
260 112
261 163
262 121
263 21
263 4
264 226
265 122
266 180
267 78
267 126
268 75
269 85
269 39
270 268
271 112
272 99
273 194
274 76
275 42
276 61
277 182
277 20
278 265
278 122
278 61
279 253
279 20
279 222
280 218
281 22
281 27
282 80
282 188
283 32
283 23
284 227
284 52
285 139
285 241
286 114
287 250
288 7
288 119
289 185
290 265
291 161
292 111
292 108
293 150
294 105
295 251
296 89
296 53
297 43
298 255
298 192
298 24
299 186
300 149
301 61
302 247
303 63
303 47
304 85
305 247
305 302
306 178
306 186
307 161
308 118
309 120
310 137
311 82
312 271
313 261
314 159
315 169
315 110
316 119
316 288
317 255
318 63
319 185
319 101
319 289
319 137
320 238
321 57
322 257
322 118
323 279
324 42
324 39
324 275
325 250
326 299
327 292
328 202
329 28
329 81
330 118
331 129
332 2
333 149
334 136
335 137
336 174
337 332
338 167
338 100
338 170
338 172
339 95
340 234
341 169
342 277
342 182
343 187
344 152
345 58
346 228
347 336
348 117
348 50
349 58
350 209
351 125
352 335
352 137
353 210
353 133
353 93
353 63
353 318
354 185
355 299
355 326
356 33
357 49
358 102
359 3
360 92
360 2
360 31
361 313
362 170
362 167
362 338
362 100
362 172
362 39
363 294
364 272
364 99
364 84
365 0
366 273
367 72
368 187
369 13
370 90
371 61
371 55
371 66
371 165
371 190
371 19
371 60
371 160
372 118
372 322
372 330
373 18
373 7
374 38
374 225
375 113
376 41
377 270
378 303
379 182
380 334
381 197
381 6
381 8
381 107
382 263
383 132
384 153
384 10
385 107
385 168
385 381
385 6
385 197
386 179
386 86
387 380
388 185
389 382
390 73
391 379
391 182
391 277
392 304
392 85
393 40
394 174
395 179
396 75
397 17
398 32
398 283
399 199
399 69
400 221
401 98
402 46
402 4
402 95
403 384
404 313
405 1
406 99
406 128
407 79
407 10
407 235
408 197
409 71
410 141
411 10
412 71
413 242
414 153
415 23
416 103
417 329
418 298
419 11
420 202
421 344
422 421
423 368
423 187
423 1
423 6
424 16
425 166
426 182
427 189
427 130
428 166
429 134
430 285
431 92
431 34
431 2
431 38
431 236
431 225
432 124
432 27
432 22
432 144
432 281
433 402
434 238
435 295
436 392
437 131
438 136
439 254
439 112
440 207
441 354
441 185
442 228
443 332
444 236
444 38
445 399
446 409
447 313
448 81
449 192
449 24
449 298
450 40
451 262
452 68
453 168
454 99
455 269
455 39
456 46
457 439
458 246
459 149
460 251
461 184
462 82
463 427
464 416
465 351
466 106
467 456
468 441
469 364
470 253
471 125
472 37
472 53
473 175
473 211
474 394
474 174
474 74
475 327
476 39
477 99
478 474
478 394
479 171
480 144
481 30
482 422
482 421
482 344
483 257
484 178
484 186
484 299
485 245
485 135
486 42
487 44
488 76
488 84
488 274
489 442
490 188
491 269
492 232
493 123
494 322
495 160
496 321
497 402
498 286
499 201
500 159
501 333
502 173
502 57
502 13
503 81
504 150
505 202
505 152
505 121
505 217
505 115
506 82
507 271
507 312
508 88
509 60
510 108
511 100
512 220
513 307
514 39
514 362
515 353
516 496
517 52
518 380
519 17
520 139
520 69
520 285
521 469
522 372
522 322
522 330
523 49
523 8
523 17
524 480
525 121
526 81
527 15
528 97
529 119
530 411
531 524
532 177
532 164
533 412
534 5
534 238
535 452
535 68
536 531
536 524
536 480
537 383
537 132
538 8
539 303
540 407
541 380
541 334
541 387
541 136
541 78
541 438
541 126
541 267
542 171
543 312
544 495
544 160
545 405
546 264
547 34
547 2
547 0
547 53
548 250
549 112
550 477
550 99
551 396
552 331
552 129
553 362
553 170
553 338
553 100
553 172
554 14
555 282
555 80
556 368
557 378
558 409
559 194
560 439
561 184
561 461
562 515
562 353
563 519
563 17
564 378
565 343
566 66
567 486
568 526
569 119
570 221
571 381
571 6
571 8
571 385
571 197
571 0
571 365
572 144
573 555
573 80
574 119
575 279
576 270
576 268
576 75
577 172
578 187
578 343
578 423
578 1
579 183
580 118
581 86
582 197
582 408
583 134
584 180
585 564
585 378
586 116
587 447
588 177
589 461
589 184
590 340
590 234
591 61
591 371
592 252
593 555
594 468
595 63
596 495
597 462
598 234
599 398
600 551
601 385
602 458
603 160
604 307
605 243
606 478
607 211
608 592
609 209
610 200
610 145
611 21
612 153
613 124
614 146
615 155
615 4
616 559
617 547
618 616
619 358
620 75
621 307
622 291
623 47
623 194
624 496
625 333
625 149
625 37
625 459
626 540
627 19
628 116
629 21
630 247
631 581
632 279
633 3
634 401
635 201
636 270
637 570
638 629
639 119
640 340
640 234
641 262
642 131
643 119
643 7
644 44
645 285
646 402
646 4
647 563
648 39
649 165
650 519
651 566
652 149
653 595
654 322
655 579
656 418
656 298
656 449
657 175
657 65
657 237
657 473
658 424
659 261
660 186
661 19
662 592
663 228
663 346
663 442
664 479
665 571
666 4
667 323
667 279
668 663
669 439
670 168
671 92
672 108
673 13
674 127
675 8
676 497
677 113
678 252
678 197
679 461
680 217
680 115
681 651
682 601
682 385
683 298
684 195
684 120
684 213
684 258
685 139
686 15
687 349
688 144
689 591
689 371
690 191
691 241
692 179
693 290
694 345
695 341
696 261
697 175
698 563
699 389
699 382
700 176
701 447
702 450
703 81
703 45
703 65
703 526
704 297
704 43
705 291
706 392
706 85
707 1
708 39
708 144
708 22
709 137
710 131
710 437
711 350
711 209
712 16
713 701
713 447
714 371
715 110
716 430
716 285
716 241
716 520
717 90
718 250
719 281
719 22
720 146
720 90
721 573
722 125
723 64
723 20
723 182
724 712
725 575
725 279
725 20
726 371
727 321
728 50
729 691
729 241
729 285
730 690
731 198
732 188
733 372
734 25
735 475
736 300
736 149
737 351
738 46
739 80
740 674
741 583
742 104
743 305
744 679
745 267
746 669
747 113
748 321
749 575
750 531
750 524
751 498
752 295
753 321
754 327
755 638
755 629
756 669
757 335
757 352
758 682
759 21
759 131
759 611
760 404
760 313
760 261
761 366
761 273
761 194
762 335
763 651
764 562
764 515
764 353
765 584
765 180
766 438
767 754
767 327
767 475
767 735
768 423
769 609
770 511
771 174
772 447
772 313
772 701
773 661
774 604
775 698
776 589
777 179
778 453
779 178
779 186
779 306
779 299
780 577
781 605
782 434
783 144
784 676
784 497
785 309
786 626
787 256
788 241
789 125
790 783
790 144
790 22
791 765
792 588
793 743
794 396
794 551
794 600
795 155
795 615
796 545
796 405
797 164
798 240
799 716
799 520
799 139
799 285
799 241
800 576
801 402
802 87
803 195
804 254
805 1
806 731
806 198
807 423
808 788
809 541
810 158
811 777
812 165
813 335
814 622
815 435
816 538
817 759
818 761
819 496
820 726
821 208
821 87
822 493
823 216
824 30
825 109
826 118
826 372
827 645
827 285
828 590
829 802
830 530
831 343
831 578
832 651
833 578
834 202
834 152
834 420
835 705
836 833
837 373
838 158
839 298
840 267
841 588
842 210
842 233
843 434
843 782
844 768
845 647
846 726
847 806
847 198
848 410
848 141
849 248
850 388
851 448
851 81
852 782
853 238
854 227
855 777
856 693
857 174
857 336
857 347
858 239
859 558
860 2
861 646
862 188
863 595
864 400
865 526
866 178
867 777
868 42
869 463
870 579
870 183
871 341
872 540
872 626
873 76
874 667
875 725
876 23
877 822
877 493
878 71
878 412
879 110
879 169
879 341
880 134
881 388
882 854
883 517
884 869
885 612
886 534
887 518
888 817
889 488
889 84
890 724
890 712
890 16
890 80
890 109
890 188
891 404
891 313
891 447
891 701
891 772
892 734
893 176
894 651
895 132
895 383
896 491
896 269
897 313
898 735
899 50
900 376
901 333
902 118
903 407
904 363
905 2
906 545
907 512
908 896
909 476
909 39
910 99
911 445
912 607
913 326
914 443
914 332
915 333
916 462
917 840
918 481
919 251
920 138
921 343
921 831
922 834
923 619
923 358
923 102
923 64
924 603
925 493
926 879
926 110
927 86
928 394
928 474
929 349
930 602
930 458
931 870
932 599
933 170
934 675
935 14
935 239
936 276
937 768
938 84
938 76
938 99
938 364
938 889
939 241
940 750
941 357
942 92
943 685
944 887
945 809
945 541
946 448
947 890
948 613
949 171
950 276
951 745
951 267
952 674
952 127
952 45
952 113
952 193
952 375
952 747
953 793
954 74
955 187
956 813
957 132
958 20
958 6
959 540
960 275
961 432
962 634
962 401
963 892
964 929
965 531
965 750
966 85
966 706
967 629
968 22
968 27
968 432
969 401
970 560
971 414
972 934
973 600
974 723
975 240
976 406
977 931
978 413
978 242
979 910
980 329
981 697
982 68
983 16
984 348
985 201
986 613
987 893
988 5
989 127
989 113
989 952
990 544
991 887
992 693
993 582
993 408
994 500
995 511
996 170
996 100
997 818
998 536
999 742
999 104
999 20
1000 663
1001 934
1002 565
1002 343
1003 38
1004 934
1005 455
1006 926
1007 159
1008 314
1008 159
1009 218
1009 280
1010 926
1011 791
1012 706
1013 838
1014 475
1015 584
1016 833
1017 447
1017 587
1018 118
1019 903
1019 407
1020 326
1021 459
1022 428
1023 483
1024 753
1025 690
1026 634
1027 344
1027 482
1028 959
1028 540
1029 750
1030 518
1030 380
1031 538
1032 717
1033 740
1034 543
1035 1033
1036 11
1037 886
1038 596
1038 495
1039 147
1039 17
1039 49
1039 397
1040 217
1041 637
1042 87
1043 730
1043 690
1044 992
1045 1041
1046 423
1047 451
1048 916
1049 295
1049 251
1049 141
1049 215
1049 221
1050 64
1051 877
1052 25
1053 870
1054 180
1055 940
1056 396
1057 797
1058 51
1058 4
1059 832
1060 911
1061 684
1062 325
1063 1029
1064 569
1064 119
1064 7
1064 288
1064 639
1064 316
1065 73
1066 257
1066 118
1066 1018
1067 861
1068 741
1069 533
1070 646
1071 370
1071 90
1071 16
1072 968
1073 862
1074 750
1075 780
1075 577
1076 1033
1076 740
1076 674
1077 931
1078 440
1079 1071
1080 366
1081 1051
1082 653
1083 784
1084 667
1085 805
1086 20
1087 639
1087 119
1087 1064
1088 228
1088 442
1089 744
1090 1021
1090 459
1090 149
1091 731
1092 1033
1093 994
1094 1090
1095 993
1096 376
1096 41
1096 900
1097 969
1098 392
1099 202
1100 856
1101 44
1101 47
1101 63
1101 140
1101 353
1102 1021
1103 469
1104 1086
1105 461
1106 901
1106 333
1106 915
1107 155
1108 717
1109 144
1110 424
1111 657
1112 7
1113 168
1113 107
1113 385
1114 173
1114 57
1115 173
1116 817
1117 476
1118 695
1118 341
1119 818
1119 761
1119 194
1119 366
1119 47
1119 273
1120 873
1121 567
1121 486
1121 42
1122 943
1123 738
1124 904
1125 649
1125 165
1126 226
1127 284
1128 856
1129 958
1130 5
1131 756
1132 589
1133 296
1134 709
1135 94
1136 435
1137 1051
1138 121
1139 443
1139 914
1139 332
1139 337
1140 279
1140 323
1141 470
1141 253
1142 1031
1143 830
1144 78
1144 203
1145 1041
1145 637
1145 1045
1145 570
1146 767
1146 327
1146 754
1147 493
1148 127
1149 95
1150 765
1151 838
1152 385
1153 127
1154 1070
1155 700
1156 575
1157 631
1158 1084
1159 509
1159 60
1160 1144
1161 1029
1162 396
1163 207
1164 963
1164 892
1165 797
1165 1057
1166 912
1166 607
1167 785
1168 949
1169 679
1170 1016
1171 1090
1172 220
1173 17
1174 8
1174 49
1174 1039
1174 147
1175 1063
1176 739
1176 80
1176 132
1176 383
1177 371
1178 527
1179 653
1180 129
1181 934
1182 999
1183 592
1184 115
1185 741
1185 583
1186 1023
1187 613
1187 986
1188 755
1189 213
1190 346
1191 737
1192 1114
1193 935
1194 745
1195 1074
1195 750
1196 407
1197 158
1198 1084
1199 401
1200 479
1201 602
1202 505
1203 1189
1203 213
1204 1191
1205 949
1206 457
1207 106
1207 47
1207 466
1208 588
1209 39
1209 144
1209 514
1210 630
1211 315
1212 152
1212 121
1213 1189
1214 199
1215 313
1215 772
1215 891
1216 719
1217 65
1217 28
1217 657
1218 232
1219 80
1220 431
1221 331
1222 861
1222 646
1223 1113
1224 988
1225 863
1226 749
1227 435
1228 1157
1229 1026
1230 130
1231 413
1232 929
1232 964
1233 556
1234 717
1235 679
1236 312
1237 751
1238 1189
1239 878
1240 656
1241 492
1242 309
1243 763
1244 25
1244 18
1245 456
1246 471
1247 870
1247 579
1248 297
1248 704
1249 985
1249 201
1249 499
1250 709
1251 1134
1252 525
1253 908
1254 817
1255 251
1256 804
1256 254
1257 966
1257 85
1257 304
1257 392
1258 650
1258 519
1259 1238
1260 477
1261 887
1262 1132
1262 589
1263 1256
1264 80
1265 146
1266 1236
1267 991
1268 422
1269 176
1269 700
1270 1162
1271 411
1272 612
1273 642
1274 488
1275 1200
1276 1243
1277 350
1277 209
1278 367
1278 72
1279 732
1280 1263
1281 889
1282 793
1283 488
1284 893
1285 431
1285 92
1285 236
1285 1220
1286 740
1287 129
1288 460
1289 827
1290 884
1291 274
1292 759
1293 1291
1294 690
1295 333
1296 297
1296 43
1296 704
1296 7
1296 197
1296 288
1297 1014
1298 61
1299 31
1299 92
1299 2
