1 0
2 1
3 1
4 3
5 2
6 4
7 1
8 2
8 5
9 6
9 4
10 7
11 3
12 1
13 10
13 7
13 1
14 4
15 4
16 13
17 10
17 7
17 13
18 6
19 4
19 6
20 17
20 10
21 19
21 4
21 6
21 18
22 21
22 19
23 21
24 19
25 9
26 4
26 6
27 17
28 17
29 24
30 8
31 7
32 10
33 32
34 6
35 9
36 19
37 31
38 12
39 29
40 22
40 21
41 7
41 10
42 10
43 37
44 43
45 18
45 6
46 41
47 16
48 36
49 9
50 5
51 25
52 18
53 20
53 10
53 17
54 9
55 10
55 7
56 37
57 10
58 19
59 19
60 45
61 19
62 4
62 15
63 1
64 27
65 43
65 37
65 31
66 26
67 17
68 67
69 40
70 31
71 8
72 48
73 29
74 47
75 25
75 9
75 49
76 10
77 76
78 62
79 60
80 71
81 20
82 56
82 37
83 6
84 11
84 3
85 22
86 85
86 22
87 28
88 21
89 29
89 24
90 19
91 38
92 88
93 29
94 91
95 58
96 38
96 12
96 1
97 88
98 40
99 92
99 88
100 77
100 76
101 24
101 19
102 39
103 43
104 25
105 3
105 1
105 4
105 19
106 49
106 9
107 39
108 7
108 31
109 26
109 66
110 96
111 76
112 49
113 46
114 50
115 35
115 9
116 69
117 89
118 75
119 43
119 103
120 17
120 13
120 67
121 66
121 109
122 55
123 60
124 49
125 7
125 55
126 53
127 95
127 58
128 124
129 59
129 19
129 22
130 8
131 96
132 85
133 69
133 40
134 109
134 26
134 4
134 9
134 62
135 48
136 107
137 88
138 105
139 83
140 71
140 80
141 39
142 77
142 100
143 30
144 120
145 113
145 46
146 88
147 51
148 54
149 37
150 127
151 67
152 117
153 67
154 74
155 144
156 80
157 146
157 88
158 26
158 6
159 19
160 126
161 160
162 3
162 84
162 11
163 114
164 2
165 102
165 39
166 105
166 1
166 63
167 27
168 15
169 117
170 48
171 132
172 28
173 111
174 83
175 162
176 124
177 6
178 37
178 43
178 119
179 53
179 17
179 7
179 67
179 120
179 68
180 162
181 13
182 16
183 96
183 1
183 12
184 45
185 27
186 104
187 48
187 135
188 130
189 113
189 46
189 145
190 134
190 26
190 158
191 145
191 46
191 113
191 189
191 41
192 45
193 54
194 56
195 130
195 188
196 159
197 56
197 37
197 65
198 114
199 46
199 41
199 113
199 191
200 179
201 39
202 144
203 100
204 44
205 150
206 171
207 60
207 45
207 123
207 6
208 20
209 136
209 107
210 201
211 175
212 191
212 145
212 199
212 113
213 199
213 212
213 145
214 95
215 70
215 31
215 7
216 83
217 151
218 106
218 49
219 95
219 214
220 9
221 168
222 73
222 29
223 63
223 1
223 183
224 122
225 121
226 223
227 153
227 67
227 68
227 179
228 157
228 88
229 125
229 55
230 78
231 182
231 16
232 129
233 75
234 200
235 218
235 106
235 9
236 171
237 173
238 168
238 15
239 57
240 175
241 144
242 84
243 22
243 129
244 146
244 157
245 193
246 196
246 159
246 19
247 93
248 95
249 74
250 22
251 225
252 146
253 45
254 188
255 4
256 199
257 108
257 7
257 10
257 125
258 225
259 8
260 44
261 71
262 243
263 45
264 55
264 122
264 224
265 34
265 6
265 19
266 228
267 149
268 137
268 88
268 92
268 97
268 99
269 67
269 227
270 19
271 151
272 55
273 112
273 49
273 75
274 158
275 70
275 31
275 215
276 72
276 48
277 259
278 75
279 190
280 261
281 165
282 205
283 144
284 190
285 254
286 0
287 116
288 194
289 266
290 151
291 132
292 208
293 10
293 76
294 153
295 35
295 9
296 287
297 41
298 198
299 241
299 144
300 177
300 6
301 79
302 107
303 115
304 250
305 239
306 258
307 274
308 203
309 240
310 143
311 165
312 14
312 4
313 251
314 151
315 157
316 283
316 144
317 279
318 263
318 45
318 18
319 217
320 39
320 102
321 226
322 133
322 40
322 69
323 253
324 246
324 19
324 61
324 129
325 284
326 108
327 17
328 202
329 233
330 151
330 271
331 29
331 39
332 307
333 157
334 91
335 156
336 232
337 174
338 30
339 66
340 156
341 196
341 246
342 299
343 329
344 294
345 154
346 286
346 0
346 1
347 276
347 48
347 72
348 196
349 194
350 141
351 86
352 138
352 105
353 98
353 40
354 342
355 57
355 239
355 305
356 158
357 151
358 335
359 173
360 105
361 41
362 199
363 155
364 168
365 250
366 324
367 362
368 87
369 141
370 249
371 324
372 6
373 98
374 296
375 217
375 151
375 319
376 235
377 111
378 280
378 261
379 216
380 371
380 324
381 247
382 348
383 303
384 26
385 325
386 363
387 156
388 280
389 201
390 300
391 225
392 150
393 109
394 335
395 267
396 365
397 348
398 30
399 359
400 239
401 77
402 320
402 39
402 141
403 201
404 368
405 83
405 6
405 139
405 216
405 177
405 265
405 379
406 314
406 151
407 241
407 299
407 144
407 342
408 369
409 352
409 105
409 138
410 302
410 107
411 273
412 47
413 191
414 396
415 286
416 340
416 156
416 335
417 55
417 272
418 7
419 331
420 110
420 96
421 144
422 104
423 100
424 388
425 33
426 231
426 16
427 414
427 396
428 116
429 150
430 68
431 199
432 309
433 329
433 343
434 89
435 21
435 18
435 40
436 92
437 52
438 157
439 278
440 334
441 311
442 306
442 258
443 124
444 281
445 196
446 423
447 360
448 99
449 228
449 88
449 157
449 244
449 438
450 119
451 311
452 120
452 17
452 144
453 183
454 361
454 41
454 199
455 283
456 213
457 128
458 166
459 357
460 391
461 297
462 346
463 435
464 257
464 7
464 125
465 44
466 358
466 335
467 173
468 80
468 156
469 381
470 455
471 63
472 72
473 434
474 439
475 383
476 262
476 243
476 129
477 3
478 233
478 75
479 298
480 216
481 32
482 12
483 381
484 286
485 298
486 223
487 421
488 160
489 475
490 306
490 442
491 393
492 25
493 270
494 56
494 82
495 285
496 482
497 167
497 27
498 56
499 167
500 472
500 72
501 254
502 122
503 291
504 152
505 383
505 475
505 489
506 503
507 425
507 33
508 17
508 27
508 67
508 179
509 192
510 390
510 300
511 341
512 160
513 393
514 280
515 158
516 403
517 105
518 202
519 1
520 437
521 458
521 166
522 21
523 305
524 183
525 10
526 246
526 19
527 389
528 13
529 380
530 394
531 31
532 24
533 174
534 198
535 416
536 177
536 6
537 468
537 156
537 387
537 416
538 258
539 66
539 109
539 339
540 116
541 111
542 188
543 110
544 10
545 333
546 170
547 195
548 317
549 189
549 46
550 166
550 63
551 223
552 435
553 224
554 231
555 334
556 500
557 335
558 7
559 366
560 547
561 503
562 91
562 94
563 218
563 235
563 9
563 106
564 162
565 104
566 144
567 449
568 212
568 113
569 563
570 3
570 4
570 11
571 256
572 554
573 45
574 253
574 45
575 284
576 395
577 193
578 79
579 306
580 131
581 51
582 423
583 6
584 136
585 121
586 364
587 485
588 321
589 232
590 181
590 13
591 95
592 225
593 362
594 415
594 286
594 0
595 432
596 347
597 325
598 303
599 79
599 578
600 3
600 84
601 100
602 107
603 223
603 551
604 531
605 322
606 431
607 224
607 122
607 264
607 553
608 492
609 152
609 117
609 504
609 169
610 46
611 505
612 304
613 352
614 13
614 17
614 28
615 459
616 325
617 610
618 370
619 118
620 186
621 116
622 305
623 369
623 408
624 109
625 501
626 105
627 249
628 545
629 208
629 20
629 292
629 81
630 94
631 35
631 9
632 407
633 300
634 408
635 613
636 153
637 267
638 259
639 583
640 354
641 347
642 436
642 92
643 129
644 58
644 95
645 276
646 414
647 472
648 5
649 104
649 565
650 379
651 46
651 199
651 212
652 398
652 30
653 630
654 606
655 239
655 355
655 400
655 305
656 210
657 4
657 255
658 168
658 238
659 540
660 509
661 263
662 88
662 449
662 244
663 507
664 211
665 273
666 622
667 160
667 512
668 403
669 656
669 210
670 260
671 636
672 606
672 431
672 654
672 199
673 14
673 4
674 405
675 293
676 590
677 38
678 39
678 141
678 201
678 320
678 350
679 40
680 563
681 392
682 366
683 455
683 283
684 499
685 654
686 489
687 175
688 246
689 66
689 539
689 339
690 563
691 180
691 162
691 11
692 326
693 433
694 654
695 330
695 271
695 151
696 180
697 273
698 52
699 452
700 421
701 541
702 375
703 532
704 455
705 368
706 428
707 450
708 472
708 72
709 177
710 142
711 298
712 637
713 711
714 99
715 82
716 369
717 62
717 134
717 4
717 190
717 21
718 116
719 349
720 694
721 69
722 593
723 287
724 478
725 179
726 70
726 31
727 500
728 87
728 28
729 368
730 137
731 404
732 526
733 301
734 451
735 304
736 333
737 632
738 444
739 66
740 638
740 259
741 331
742 461
743 505
744 34
745 307
746 549
747 288
747 194
748 651
749 18
750 603
750 223
750 551
751 469
752 468
753 377
754 383
755 519
756 228
757 112
758 480
759 412
759 47
760 181
760 590
761 331
761 29
762 293
763 169
763 117
764 425
765 589
766 271
767 273
768 764
769 750
770 718
771 356
771 158
772 184
772 45
773 573
774 196
774 246
775 163
775 114
776 496
777 547
778 164
778 2
779 422
780 487
781 543
782 178
783 2
784 508
785 543
786 701
786 541
786 111
787 317
788 372
788 6
789 62
789 78
790 643
791 450
791 119
791 707
792 183
793 760
794 609
795 428
795 116
796 401
797 536
797 6
797 177
798 54
799 272
800 29
801 148
801 54
802 345
802 154
802 74
803 386
804 583
805 440
806 649
807 168
807 15
807 364
808 298
808 198
809 417
810 412
810 759
811 511
811 341
811 196
812 806
812 649
813 231
814 237
815 188
816 191
817 679
818 608
818 492
819 390
820 665
821 55
822 579
823 468
824 381
824 469
825 478
826 27
826 508
827 399
828 142
829 245
829 193
830 803
831 281
831 165
831 444
832 104
833 113
834 1
835 271
836 618
837 199
838 534
839 452
839 120
840 417
841 484
841 286
841 0
841 346
842 433
843 675
844 408
845 454
846 320
846 102
847 179
847 508
848 194
849 590
849 181
850 290
851 217
852 74
853 726
854 127
855 65
855 31
856 599
857 229
858 814
859 315
860 780
860 487
861 814
862 500
862 72
863 287
863 116
864 667
865 699
866 8
867 130
868 562
869 444
869 281
869 165
869 831
870 527
870 389
871 496
871 776
872 563
872 9
872 54
872 220
872 798
873 16
874 696
875 719
876 182
877 165
878 853
878 726
878 31
878 70
879 437
879 520
880 181
880 590
880 849
881 294
882 76
883 421
884 196
885 53
885 10
885 17
885 55
885 229
885 264
886 724
886 478
887 388
888 818
889 837
890 630
891 223
892 351
893 48
894 799
895 57
896 523
897 684
897 499
898 644
899 19
899 526
899 732
900 658
901 15
901 4
901 62
902 195
902 130
902 188
902 547
903 863
904 542
905 390
906 774
907 425
907 33
907 507
907 764
907 663
908 195
909 132
910 246
911 129
911 22
911 232
911 40
911 589
911 765
912 90
912 19
912 36
912 270
912 48
912 493
912 276
913 452
914 411
915 804
916 873
916 16
916 47
916 759
916 412
917 709
918 135
919 881
920 353
921 548
922 419
922 331
923 532
923 24
924 868
925 116
925 718
926 600
927 575
928 390
929 291
930 414
931 152
931 117
932 750
933 909
934 905
935 322
935 40
936 740
936 638
937 222
938 206
939 143
939 30
939 8
940 569
940 563
941 935
941 322
942 912
943 718
944 511
945 713
945 711
946 554
946 231
947 665
948 512
949 728
949 87
950 437
951 185
951 27
952 594
952 0
953 53
953 10
954 423
955 122
956 182
957 633
957 300
957 6
957 510
957 390
957 905
958 634
959 785
960 577
961 732
962 54
962 798
963 252
964 860
964 487
965 422
966 557
967 724
967 886
968 748
969 868
970 696
970 180
970 874
970 162
971 450
971 119
971 791
971 707
972 605
973 367
974 493
975 908
976 572
976 554
977 262
978 341
979 676
980 345
981 670
982 717
982 21
983 732
984 465
985 570
985 4
985 312
985 14
986 912
986 19
987 755
987 519
987 1
988 908
988 195
988 130
989 76
990 343
990 433
991 203
991 308
992 548
993 583
994 518
995 114
996 533
997 684
998 219
999 398
1000 977
1001 32
1002 290
1003 949
1004 757
1004 112
1005 421
1006 213
1007 114
1008 45
1008 192
1009 630
1010 698
1011 856
1012 208
1013 541
1013 786
1013 701
1014 873
1014 916
1015 204
1016 469
1017 352
1018 753
1018 377
1019 545
1020 26
1021 837
1022 863
1023 377
1024 4
1025 688
1026 256
1027 273
1027 112
1027 49
1028 56
1029 502
1029 122
1030 559
1031 768
1031 764
1031 425
1031 907
1032 426
1033 981
1034 577
1034 193
1034 960
1035 382
1036 98
1037 416
1038 533
1039 812
1040 382
1041 203
1042 357
1043 491
1044 645
1044 276
1045 327
1046 457
1046 128
1046 124
1047 52
1048 334
1049 936
1050 526
1051 722
1051 593
1052 461
1053 828
1053 142
1054 471
1055 414
1055 427
1055 396
1056 487
1056 421
1057 653
1058 188
1059 431
1060 741
1061 642
1062 92
1062 436
1063 130
1064 406
1065 651
1065 46
1065 199
1065 748
1065 189
1065 968
1066 297
1066 41
1066 7
1066 361
1067 8
1068 416
1068 156
1069 705
1070 215
1071 910
1072 270
1073 358
1074 131
1075 498
1076 43
1077 589
1077 232
1078 188
1079 499
1079 897
1080 417
1081 434
1082 187
1083 725
1083 179
1084 680
1084 563
1085 834
1086 527
1087 714
1088 959
1089 347
1090 331
1091 34
1091 6
1091 265
1091 744
1092 755
1093 178
1094 573
1095 927
1095 575
1096 465
1097 630
1097 653
1098 2
1098 5
1099 300
1100 372
1100 6
1100 788
1100 4
1101 307
1102 430
1103 73
1104 216
1105 1087
1106 1037
1107 893
1108 103
1109 624
1110 402
1111 737
1112 263
1113 491
1114 1111
1115 451
1115 734
1116 647
1117 205
1118 659
1119 926
1120 842
1121 120
1122 224
1123 915
1124 671
1124 636
1125 483
1126 404
1127 694
1128 18
1129 360
1130 101
1130 19
1131 463
1132 1054
1133 338
1134 104
1135 866
1136 1128
1136 18
1137 297
1138 148
1138 54
1139 557
1139 335
1139 416
1140 291
1141 681
1142 455
1143 823
1144 1100
1145 974
1146 863
1147 467
1148 248
1149 119
1149 103
1149 43
1149 1108
1150 1025
1151 587
1152 1078
1152 188
1153 144
1154 910
1155 441
1156 1148
1157 316
1157 144
1157 283
1158 330
1159 560
1160 586
1161 107
1161 302
1161 410
1162 495
1162 285
1163 790
1164 465
1165 934
1166 170
1167 806
1168 53
1169 1149
1170 769
1170 750
1171 212
1172 830
1172 803
1173 235
1174 948
1175 996
1176 963
1176 252
1177 608
1177 492
1178 333
1179 39
1180 895
1181 94
1182 575
1182 927
1183 260
1184 43
1185 774
1186 364
1187 589
1188 757
1189 706
1190 88
1191 887
1192 1031
1192 907
1193 1046
1194 3
1194 11
1194 84
1194 162
1194 477
1194 570
1194 180
1194 691
1195 944
1196 497
1196 167
1196 27
1196 499
1196 17
1196 826
1197 719
1198 1018
1199 534
1199 198
1200 601
1201 606
1202 476
1202 129
1202 262
1203 202
1204 530
1205 1003
1205 949
1206 410
1206 107
1207 1032
1207 426
1208 1121
1208 120
1209 52
1209 18
1210 270
1211 652
1212 66
1213 569
1214 858
1214 814
1215 733
1215 301
1216 658
1217 670
1218 110
1219 403
1219 668
1220 178
1221 925
1221 718
1222 1169
1222 1149
1223 579
1223 306
1223 822
1224 76
1225 407
1226 837
1227 397
1227 348
1228 435
1229 655
1230 415
1230 594
1231 825
1232 650
1233 852
1234 307
1234 1101
1235 862
1236 148
1237 642
1237 92
1238 958
1239 1057
1240 230
1241 264
1241 122
1241 885
1241 607
1241 55
1241 272
1242 881
1243 793
1244 1167
1244 806
1245 510
1246 5
1247 360
1248 356
1248 158
1248 515
1249 877
1250 92
1251 84
1252 1204
1252 530
1253 556
1254 594
1255 819
1256 709
1257 102
1258 925
1259 540
1259 116
1259 659
1260 707
1261 1219
1262 869
1263 1067
1264 1183
1265 811
1266 322
1267 63
1268 377
1268 111
1269 467
1270 253
1271 234
1272 22
1273 965
1273 422
1274 905
1274 957
1275 1141
1275 681
1276 172
1277 119
1278 654
1279 707
1280 621
1280 116
1281 973
1282 241
1282 144
1283 1228
1284 792
1284 183
1285 673
1286 722
1287 1100
1288 49
1288 112
1288 1004
1289 1245
1290 923
1291 204
1291 1015
1292 352
1293 1240
1294 581
1294 51
1295 421
1295 700
1296 985
1296 4
1297 552
1298 400
1299 787
1300 484
1300 841
1301 744
1301 34
1301 6
1301 1091
1302 257
1302 7
1303 392
1303 681
1303 1141
1304 700
1305 215
1305 275
1306 773
1307 832
1308 1011
1308 856
1309 1259
1310 855
1311 1277
1312 852
1313 941
1314 389
1315 495
1316 813
1316 231
1317 812
1318 819
1319 807
1319 15
1320 816
1321 808
1322 994
1322 518
1323 313
1323 251
1324 1168
1325 101
1326 57
1326 355
1327 128
1328 656
1329 554
1330 336
1331 237
1332 57
1332 239
1332 355
1332 1326
1333 1106
1334 937
1335 349
1336 247
1337 1086
1337 527
1338 1163
1339 165
1340 815
1341 587
1342 1304
1342 700
1343 499
1344 666
1345 243
1346 390
1346 510
1346 957
1346 300
1346 1245
1347 629
1348 122
1348 1241
1349 125
1350 977
1350 262
1350 1000
1351 56
1352 1205
1352 949
1352 87
1353 987
1354 1142
1355 13
1356 166
1357 476
1358 959
1359 826
1360 151
1361 410
1362 1341
1363 72
1363 276
1363 500
1364 339
1365 3
1365 1194
1366 679
1367 972
1368 34
1369 892
1370 499
1371 1369
1372 374
1372 296
1372 287
1373 1132
1374 1279
1375 303
1375 383
1376 1368
1377 335
1378 1236
1379 1217
1379 670
1379 981
1380 1026
1381 960
1382 338
1383 959
1383 785
1384 216
1385 1141
1385 1275
1386 967
1387 1333
1388 70
1388 215
1389 1183
1389 260
1389 1264
1390 441
1391 1245
1392 46
1393 769
1394 859
1394 315
1395 246
1396 307
1397 1267
1398 447
1399 546
1399 170
1400 71
1401 706
1402 305
1403 866
1404 1134
1405 162
1406 864
1407 193
1408 1260
1409 274
1410 311
1411 265
1412 1290
1412 923
1413 887
1413 1191
1414 576
1415 167
1416 832
1417 439
1417 278
1418 58
1418 127
1418 95
1418 150
1418 854
1418 214
1418 392
1419 31
1420 206
1421 745
1422 1032
1422 426
1423 198
1424 679
1424 40
1424 817
1424 98
1424 322
1424 935
1424 1036
1424 941
1425 614
1426 1095
1427 1304
1428 1327
1429 778
1430 1396
1430 307
1431 310
1432 1127
1433 1100
1434 138
1434 352
1435 771
1435 356
1436 356
1437 1432
1438 145
1438 191
1438 212
1438 213
1438 1171
1439 1140
1440 545
1440 1019
1441 543
1441 781
1442 40
1443 1418
1444 166
1445 727
1446 909
1446 132
1446 933
1447 1170
1448 720
1448 694
1448 654
1448 1127
1449 945
1450 753
1450 1018
1451 273
1452 1206
1453 1138
1454 321
1455 555
1456 1223
1457 1180
1458 146
1459 212
1459 1171
1459 1438
1460 94
1461 817
1462 1075
1463 1327
1464 489
1465 1005
1466 823
1466 1143
1467 123
1468 680
1469 344
1470 663
1471 1066
1471 7
1471 41
1471 31
1472 102
1473 684
1474 1218
1474 110
1475 1021
1476 112
1477 1276
1478 314
1479 1346
1480 1021
1481 1114
1481 1111
1482 494
1482 56
1482 82
1483 131
1484 58
1484 95
1485 1460
1486 444
1487 954
1487 423
1488 228
1489 1488
1489 228
1489 266
1489 289
1490 169
1491 663
1491 507
1491 907
1491 764
1492 1231
1492 825
1493 944
1493 1195
1494 153
1495 1492
1495 1231
1495 825
1495 478
1496 971
1496 119
1497 1430
1498 1055
1499 120
1500 1024
1501 342
1502 1018
1503 336
1504 694
1505 668
1506 34
1507 924
1508 663
1509 1238
1510 471
1510 1054
1511 1284
1511 183
1511 524
1511 792
1512 677
1513 703
1514 717
1515 1344
1516 474
1516 439
1517 1147
1518 996
1518 1175
1519 849
1520 248
1521 1282
1522 639
1523 1136
1524 629
1524 20
1524 208
1524 1012
1525 269
1525 67
1525 227
1526 1418
1527 673
1528 650
1529 14
1530 998
1531 1075
1532 803
1533 1215
1534 311
1535 226
1536 266
1537 522
1538 145
1539 89
1540 187
1541 442
1541 258
1541 306
1542 784
1543 667
1544 260
1544 44
1544 1389
1545 644
1545 898
1546 522
1547 1160
1547 586
1548 716
1548 369
1549 809
1550 566
1551 46
1552 1421
1553 1406
1554 244
1555 352
1556 1000
1557 1217
1558 122
1559 890
1559 630
1559 1009
1560 892
1561 398
1562 1062
1563 1343
1564 1010
1565 134
1566 1201
1567 1214
1568 25
1569 561
1569 503
1570 1178
1571 532
1572 441
1573 850
1573 290
1573 151
1573 1002
1574 638
1575 446
1575 423
1576 628
1576 545
1577 1171
1578 1387
1579 1113
1579 491
1579 1043
1580 1402
1580 305
1581 1510
1582 1159
1582 560
1583 875
1584 947
1584 665
1585 727
1586 1567
1587 770
1588 1271
1588 234
1588 200
1588 179
1589 928
1589 390
1590 228
1591 844
1592 350
1593 1267
1593 63
1594 1139
1594 335
1595 352
1596 873
1597 1301
1598 1536
1599 1572
1600 1511
1601 481
1602 1401
1603 1527
1603 673
1604 1355
1604 13
1604 10
1605 563
1606 926
1606 600
1607 488
1608 1127
1609 1340
1610 97
1611 1259
1612 956
1613 187
1614 1221
1615 636
1616 491
1616 1043
1617 872
1618 1232
1618 650
1619 798
1620 494
1620 82
1621 753
1622 620
1623 568
1623 113
1623 212
1624 1293
1625 1164
1626 1065
1627 1543
1628 623
1629 1493
1630 1239
1631 1089
1632 496
1633 202
1633 328
1634 8
1635 1221
1636 1185
1636 774
1636 196
1636 246
1636 906
1637 606
1638 903
1639 825
1639 1231
1639 1492
1639 1495
1639 478
1639 886
1639 967
1640 979
1641 657
1642 815
1643 1442
1644 341
1645 40
1646 882
1647 655
1648 933
1649 1192
1650 1548
1650 716
1650 369
1650 141
1650 408
1650 623
1651 480
1651 216
1651 758
1652 232
1653 623
1653 1628
1654 79
1655 385
1656 1599
1657 1486
1658 1479
1659 543
1660 1377
1661 1003
1661 1205
1661 949
1662 490
1663 877
1663 165
1663 1249
1663 1339
1664 1065
1665 830
1666 372
1667 992
1667 548
1668 1585
1669 456
1670 176
1671 69
1672 1107
1673 706
1674 1329
1675 1000
1676 747
1677 1252
1678 797
1679 1667
1680 421
1681 739
1682 47
1683 1632
1683 496
1684 1654
1684 79
1684 60
1685 1296
1686 1212
1687 401
1687 77
1687 796
1688 148
1688 801
1689 1083
1690 1411
1691 1428
1691 1327
1692 838
1693 444
1694 598
1695 301
1696 798
1697 430
1698 631
1699 446
1700 717
1701 1664
1702 1509
1703 1329
1704 987
1704 1353
1705 459
1705 357
1705 615
1705 151
1706 1498
1707 1354
1707 1142
1708 1481
1709 1396
1710 561
1710 1569
1710 503
1711 1194
1712 4
1712 673
1713 799
1714 1063
1715 714
1716 1391
1717 915
1718 1672
1719 747
1719 1676
1720 1609
1720 1340
1721 1177
1722 1611
1723 0
1723 346
1724 175
1724 162
1724 84
1724 600
1725 1598
1726 1213
1727 902
1728 622
1729 1633
1730 1170
1731 373
1732 389
1732 201
1733 344
1734 1389
1735 422
1736 1665
1736 830
1736 803
1737 692
1738 1292
1739 1240
1739 230
1739 1293
1740 305
1741 256
1742 231
1743 973
1744 747
1745 798
1745 872
1746 1186
1747 477
1748 832
1749 1062
1750 1585
1751 575
1752 1436
1753 95
1754 1095
1755 1466
1756 1562
1757 1736
1758 1387
1759 961
1760 1629
1761 1531
1762 1289
1763 265
1764 293
1764 10
1765 705
1766 1021
1767 939
1768 1464
1769 1248
1770 58
1771 1291
1772 397
1773 953
1774 192
1775 62
1776 1158
1776 330
1776 151
1777 412
1777 47
1778 1218
1778 110
1779 1490
1780 1598
1780 1725
1781 1486
1781 444
1782 205
1782 150
1782 282
1782 1117
1782 127
1782 1418
1782 95
1783 1204
1784 1555
1785 1259
1786 445
1787 822
1788 379
1789 1112
1790 1544
1791 431
1792 687
1792 175
1793 792
1793 1511
1794 899
1795 1241
1795 272
1796 1469
1796 344
1797 1331
1798 718
1799 45
