1 0
2 1
3 2
4 0
5 2
5 1
6 3
7 6
8 6
9 0
10 0
11 4
12 2
12 5
13 7
14 5
15 9
16 0
16 9
17 14
18 12
19 0
19 1
20 7
20 13
21 12
21 5
21 14
22 19
23 4
23 11
24 5
25 11
26 11
26 4
26 23
26 25
27 20
27 7
27 13
28 26
29 15
30 19
31 27
31 13
32 12
33 19
34 17
34 14
35 8
35 6
36 25
37 20
37 13
38 3
39 20
39 13
40 10
41 29
42 23
43 3
44 40
45 40
46 2
46 1
46 3
46 5
46 19
47 5
48 18
49 38
49 3
49 6
50 13
51 3
51 46
52 32
53 44
53 40
54 25
55 38
55 49
56 52
57 42
58 21
59 1
60 57
61 31
61 27
62 21
63 33
64 52
65 25
65 54
66 62
67 34
68 23
69 16
70 60
71 15
72 68
73 16
74 68
74 23
75 29
76 28
76 26
76 11
76 25
77 12
78 64
79 47
79 5
79 1
79 2
79 12
79 21
79 24
79 19
79 3
79 46
80 31
81 36
82 30
83 32
84 42
85 3
86 8
87 42
87 84
88 77
89 88
89 77
89 12
89 79
89 3
90 14
91 86
92 66
93 46
94 19
95 65
96 94
97 91
98 14
99 66
100 99
100 66
101 25
102 49
102 6
103 46
104 42
105 21
106 74
107 89
108 82
108 30
108 19
109 24
109 5
109 79
109 2
109 14
110 90
111 2
112 19
113 69
114 69
115 78
116 18
117 99
118 45
119 37
120 96
121 56
122 40
122 10
122 53
122 44
123 28
124 61
125 13
126 88
127 65
128 68
129 90
130 92
130 66
131 23
131 26
131 74
132 58
133 64
133 52
134 39
135 119
136 17
137 63
138 35
138 6
139 52
140 63
141 35
142 35
142 8
143 33
144 61
144 31
144 124
145 49
146 89
147 49
148 121
148 56
149 106
150 111
151 83
151 32
152 70
153 124
154 32
155 110
156 73
157 146
158 142
159 82
160 151
160 32
160 52
160 154
161 156
162 100
163 80
164 24
165 92
166 35
167 99
168 56
169 148
170 145
171 61
172 10
173 133
174 71
174 15
175 55
176 96
177 152
177 70
178 112
178 19
179 149
180 67
181 148
182 32
183 6
184 160
185 28
185 76
186 160
186 32
186 52
186 154
187 155
187 110
188 7
189 178
190 65
191 124
192 95
193 177
194 55
195 80
195 31
196 68
197 123
198 147
199 69
200 178
201 24
202 17
202 34
202 14
202 67
203 135
203 119
203 37
204 85
204 3
205 105
205 21
206 3
207 195
207 31
207 80
207 27
208 107
209 67
210 162
211 46
212 114
213 154
214 96
214 120
215 177
216 39
217 166
217 35
217 6
217 8
217 138
217 141
217 142
217 3
217 43
218 36
219 75
220 162
221 101
221 25
222 120
223 7
224 119
225 21
226 60
227 89
227 12
228 26
228 28
229 226
229 60
230 119
231 15
232 191
233 204
233 85
234 215
235 183
236 194
236 55
237 162
238 187
238 110
238 155
239 113
240 71
241 148
242 122
243 143
243 33
244 234
245 235
246 157
247 215
248 230
248 119
249 110
249 155
250 207
251 234
252 213
253 252
254 147
255 207
256 18
257 61
258 215
258 177
258 234
258 244
259 252
260 55
261 16
262 11
263 122
264 89
265 203
266 200
266 178
267 132
268 184
269 118
270 263
271 236
272 160
273 112
274 35
275 114
276 119
277 60
278 45
279 55
280 194
280 236
280 271
281 202
282 188
283 112
284 93
284 46
285 14
286 123
287 149
288 25
289 228
289 28
290 53
290 44
291 219
291 75
291 29
292 183
293 91
294 13
295 174
296 112
297 211
298 13
299 36
299 81
300 225
301 273
302 179
303 143
304 163
305 13
305 39
306 225
306 300
307 31
307 144
308 267
309 86
309 8
309 217
309 166
309 35
310 211
311 213
312 52
313 302
314 214
315 106
316 302
316 179
316 313
317 262
318 70
319 161
320 16
321 150
322 191
323 76
324 5
325 211
326 28
327 136
327 17
327 14
328 230
328 119
328 248
329 216
330 77
330 88
330 89
331 284
331 46
331 79
331 103
332 314
333 232
334 132
335 332
335 314
336 186
337 272
338 311
339 318
340 336
341 297
342 133
343 195
344 18
344 12
344 48
344 116
344 256
345 16
346 34
347 53
348 339
349 152
350 257
351 203
352 39
353 51
354 74
355 28
356 190
357 90
358 300
359 99
360 109
361 190
361 356
362 58
363 241
364 246
365 222
366 252
367 133
368 316
369 31
370 155
371 340
372 280
372 271
372 236
373 174
374 96
374 176
375 303
376 262
377 329
378 22
379 190
379 356
380 117
381 370
382 168
383 370
383 155
383 381
384 209
384 67
385 62
386 356
387 125
388 77
389 30
390 110
391 157
392 339
393 334
394 94
395 312
395 52
396 29
396 75
396 219
397 179
398 184
398 160
398 268
399 398
400 215
401 295
402 272
403 358
404 180
405 86
406 368
407 156
408 85
409 275
410 68
411 0
412 169
413 65
414 133
415 332
416 395
417 119
418 153
419 26
420 287
421 328
422 274
423 384
424 300
425 152
426 425
427 190
428 413
429 156
430 253
431 202
432 225
432 21
433 196
434 413
435 265
435 203
436 177
437 418
438 298
439 411
440 161
440 156
440 319
440 73
441 270
442 64
443 360
444 92
445 318
446 324
446 5
446 12
446 47
447 398
448 114
449 368
450 269
451 108
452 91
452 293
453 404
454 319
454 440
454 73
454 16
454 0
454 19
454 33
455 452
455 293
456 14
457 174
458 367
459 385
460 126
461 396
462 337
463 278
464 317
465 164
465 24
466 356
467 44
467 53
467 290
468 348
469 416
470 337
471 375
471 303
472 195
473 152
474 150
475 135
476 255
477 160
478 409
479 29
480 470
480 337
481 154
481 186
482 291
482 29
483 247
484 479
485 393
486 166
487 150
488 159
489 402
490 14
491 330
491 77
492 329
493 45
493 40
493 118
493 278
494 228
494 289
495 165
496 353
497 187
498 265
499 248
500 318
501 299
502 20
503 165
503 495
504 46
505 337
505 462
506 90
507 482
508 60
509 307
510 352
510 39
511 386
512 11
513 187
513 110
513 497
514 459
514 385
514 62
515 264
516 243
517 201
518 361
519 267
520 344
521 367
522 489
523 427
524 77
525 56
526 132
527 329
528 26
528 11
529 493
530 50
530 13
531 422
531 274
532 147
533 31
534 291
535 429
536 299
537 117
538 10
539 315
540 209
540 384
541 350
542 382
543 510
543 39
544 494
545 9
546 288
547 115
548 504
549 463
550 208
550 107
551 296
552 305
552 13
552 20
553 320
554 149
555 131
556 404
557 324
558 92
559 7
560 16
561 318
562 354
563 414
564 146
565 258
565 234
566 173
567 562
568 65
569 151
569 160
570 243
571 564
572 477
573 493
574 103
575 269
576 203
577 168
578 266
579 355
580 163
580 304
581 273
581 301
582 4
583 196
583 68
584 210
585 213
585 311
586 284
587 372
587 271
588 247
589 349
590 111
591 501
592 535
593 458
594 496
595 40
596 18
597 50
598 51
599 307
600 431
601 490
602 430
603 165
603 503
604 139
605 83
606 341
607 217
608 243
608 516
609 188
609 282
610 64
611 597
612 192
613 598
614 155
615 505
616 403
617 610
617 64
618 389
618 30
619 235
620 569
620 160
621 222
622 49
622 3
623 45
624 177
625 270
626 307
627 367
628 570
629 418
629 153
629 124
630 308
631 228
632 543
633 516
634 83
635 215
636 523
636 427
637 47
638 296
639 38
640 359
641 547
642 516
643 416
643 395
643 52
643 139
644 592
645 489
645 522
646 114
647 552
647 20
648 410
649 355
650 436
651 526
651 132
651 58
651 362
652 444
653 296
653 112
654 341
655 179
656 622
656 49
656 147
656 198
657 607
658 168
659 306
660 605
660 83
661 195
662 40
662 53
663 417
664 620
664 569
664 151
665 237
666 641
666 547
667 225
668 381
669 310
670 382
670 542
671 316
672 304
672 163
672 580
672 80
672 31
672 13
673 240
674 427
675 367
676 105
677 116
677 18
677 344
678 526
678 651
679 305
679 39
680 357
681 319
681 454
682 173
683 470
683 337
683 462
683 480
684 480
685 510
686 223
687 541
687 350
688 447
689 386
690 467
690 53
690 290
691 662
691 40
691 53
692 43
693 540
694 166
695 149
695 287
695 554
696 450
697 543
698 311
699 125
700 34
701 60
702 529
703 542
704 445
705 448
705 114
705 69
706 354
707 96
707 120
708 95
709 230
710 209
711 180
712 107
712 550
713 378
714 190
714 379
715 142
716 332
717 122
718 93
719 705
720 190
720 427
721 368
721 449
722 129
722 90
723 440
723 73
724 236
724 194
725 440
726 700
727 444
728 32
729 183
730 625
731 183
731 729
732 32
733 623
734 459
735 362
735 58
735 132
736 561
737 46
738 24
739 44
739 40
740 144
741 353
741 51
742 700
743 301
744 197
744 123
745 724
745 194
745 236
746 21
746 12
746 105
746 432
747 703
748 524
749 60
750 706
750 354
751 373
752 631
753 689
754 652
755 528
755 11
755 26
755 28
756 319
757 520
758 631
759 747
760 578
761 744
762 720
763 314
764 384
765 402
765 272
765 489
766 759
767 301
768 472
769 734
770 164
771 216
771 39
772 336
773 387
773 125
773 13
774 381
775 689
776 358
776 403
777 415
778 502
779 678
779 651
780 364
780 246
781 386
781 356
781 511
781 689
781 753
782 456
782 14
783 29
784 242
785 736
786 104
786 42
787 237
788 341
789 123
790 175
791 633
792 690
793 524
794 487
794 150
795 271
796 652
797 320
798 701
799 730
800 57
801 780
802 637
803 774
804 577
804 168
805 715
805 142
805 217
806 644
807 105
808 784
809 277
809 60
810 601
810 490
811 691
812 689
813 580
814 344
815 181
816 534
816 291
817 207
818 577
819 215
820 387
820 773
821 204
822 292
823 461
824 310
824 669
825 126
826 507
827 528
827 26
828 521
828 367
829 501
830 751
831 604
832 193
833 403
834 40
835 446
836 642
837 811
838 316
839 576
839 203
840 331
841 734
841 459
841 385
842 510
842 543
843 93
844 804
845 763
845 314
846 720
847 378
848 231
849 657
849 607
849 217
850 627
851 205
852 87
853 241
854 417
855 412
856 191
857 512
858 673
859 776
860 30
861 646
861 114
861 448
862 593
863 159
864 147
865 364
865 246
865 780
866 660
866 605
866 83
866 32
866 151
866 634
866 154
867 354
868 238
868 187
869 559
870 114
871 397
872 753
872 689
872 781
872 356
872 466
873 58
873 21
873 132
873 362
873 746
873 334
873 651
873 12
873 18
873 32
873 89
873 344
873 677
874 130
875 300
876 577
877 468
878 301
879 764
880 746
881 587
882 18
883 295
884 51
885 812
886 829
887 173
888 612
889 805
890 333
891 158
891 142
891 715
892 319
893 640
894 486
894 166
895 361
896 218
896 36
897 408
897 85
898 891
899 604
899 139
900 289
901 289
902 682
903 801
904 113
904 69
904 239
905 244
906 325
907 452
908 703
908 747
909 754
910 236
911 398
912 113
913 777
914 579
915 482
915 29
916 194
917 51
918 560
919 824
920 428
920 413
921 215
922 594
923 432
924 510
925 71
925 174
926 289
927 307
928 32
929 800
929 57
930 301
931 915
932 74
933 764
934 214
935 214
936 159
937 462
937 683
937 337
937 470
937 505
938 505
938 937
939 257
940 875
940 300
941 21
942 552
943 385
944 371
944 340
945 59
946 234
947 80
948 791
949 141
950 119
950 135
950 203
950 224
950 417
951 453
952 653
953 523
954 926
955 361
956 749
957 151
958 103
959 797
960 725
961 358
962 685
962 510
963 283
964 848
965 480
966 2
966 111
967 626
968 200
969 225
970 352
971 930
971 301
972 752
973 515
974 751
975 288
976 654
976 341
976 606
977 52
978 809
978 277
979 6
980 328
980 421
981 73
982 296
983 425
983 152
984 623
985 445
986 281
987 653
988 568
988 65
989 373
990 20
991 642
991 516
992 508
993 331
994 627
994 367
995 26
995 528
996 193
997 827
997 26
997 23
998 705
999 799
999 730
