1 0
2 1
3 1
4 2
5 3
6 4
6 2
7 1
8 2
9 3
10 1
10 0
10 3
10 7
10 5
11 4
12 10
13 1
14 1
15 10
16 2
17 0
17 10
18 10
19 17
20 13
20 1
21 5
22 4
23 4
24 17
25 7
26 21
27 2
28 20
29 26
30 23
31 2
32 22
33 26
34 8
34 2
35 34
35 2
35 8
36 22
37 6
38 35
38 2
39 23
40 11
41 9
42 27
43 32
44 23
45 22
46 21
46 26
47 7
47 1
47 10
48 28
49 27
50 21
50 5
50 3
51 2
52 10
53 38
53 2
53 35
54 21
55 26
55 21
55 33
55 46
56 49
57 1
58 16
58 2
59 46
60 1
61 12
61 10
62 54
62 21
63 13
64 14
64 1
65 3
66 65
66 3
66 50
66 5
67 4
68 19
69 53
70 22
71 17
71 10
71 18
72 46
73 69
74 55
74 33
74 26
75 25
76 67
77 25
78 19
78 17
78 68
79 58
79 2
80 60
81 49
81 27
81 56
82 74
82 55
83 9
84 20
85 10
86 25
87 68
88 5
89 6
89 2
89 37
90 48
90 28
90 20
90 13
91 22
92 22
93 72
94 12
95 25
96 59
97 42
98 67
99 98
100 0
100 17
101 34
102 87
103 4
103 2
104 61
104 10
105 41
106 98
107 14
108 48
109 77
109 25
110 31
111 54
111 62
111 21
112 106
112 98
113 55
114 28
115 28
116 91
117 80
117 60
118 37
118 6
119 47
120 102
121 50
122 62
123 57
124 42
125 75
126 97
127 25
128 82
129 90
130 14
131 106
132 121
133 64
134 26
134 29
135 21
136 105
137 96
137 59
137 46
138 62
139 115
140 6
141 86
142 117
143 77
144 48
145 12
146 109
147 47
147 10
148 117
149 107
149 14
149 1
150 24
151 10
152 75
153 64
154 115
155 101
155 34
156 68
156 87
157 30
157 23
158 139
159 125
159 75
160 78
161 93
162 144
162 48
163 55
164 137
165 143
166 68
167 165
168 0
169 145
170 163
171 10
172 53
173 168
173 0
173 100
174 61
175 91
176 152
177 112
177 98
177 106
178 131
178 106
179 90
180 96
181 48
181 144
181 162
182 159
183 56
184 1
185 183
185 56
186 57
187 165
188 146
189 19
190 23
191 87
192 0
192 100
193 45
194 58
195 64
196 17
196 71
197 193
198 68
199 99
200 170
200 163
201 121
202 1
203 97
204 195
204 64
205 50
206 152
207 155
208 204
209 154
210 108
211 130
211 14
212 3
213 63
214 43
215 181
215 48
216 159
216 75
216 125
217 102
218 165
219 60
220 192
221 30
222 101
223 182
224 92
224 22
225 82
226 203
227 93
228 186
229 177
230 27
231 1
232 115
233 82
234 149
235 175
236 132
237 174
237 61
238 192
238 100
238 173
238 0
239 42
240 138
241 171
242 19
242 17
243 69
243 53
244 49
245 221
246 27
246 2
247 10
248 72
249 210
249 108
249 48
250 7
251 123
252 179
253 94
253 12
254 173
255 139
256 239
257 117
258 223
259 161
260 161
261 183
262 111
263 100
264 43
265 243
266 197
267 234
268 87
269 163
270 72
271 143
272 164
273 59
274 133
275 82
276 194
277 80
277 117
278 160
278 78
278 17
279 269
280 55
281 270
282 155
283 68
283 87
284 119
285 18
285 71
285 17
286 94
286 12
286 253
287 272
288 206
289 112
289 98
289 177
289 229
290 130
291 82
292 29
293 128
293 82
293 74
294 118
295 217
296 51
297 119
297 47
298 116
299 258
300 191
301 191
302 194
303 48
304 243
305 127
305 25
306 295
307 293
308 12
309 226
310 297
311 187
312 145
313 243
314 248
315 16
315 58
316 88
317 249
318 140
319 71
320 281
321 9
322 200
323 136
324 108
325 71
325 196
326 31
327 271
327 143
327 165
328 74
328 55
329 310
329 297
329 47
329 119
329 284
330 87
331 78
332 301
333 47
333 7
333 10
334 114
335 288
336 57
336 123
337 61
337 174
337 237
338 255
339 45
340 104
341 71
341 285
342 93
343 252
344 215
345 151
346 85
347 17
347 24
347 71
348 313
349 195
350 198
351 310
351 297
352 106
352 131
353 30
353 23
353 190
354 297
354 329
355 28
356 65
357 60
358 43
359 151
360 262
361 72
362 147
362 10
363 108
364 328
364 74
365 123
366 130
367 246
368 143
368 77
368 327
369 20
370 301
370 191
370 87
370 300
371 304
372 138
373 276
374 3
374 65
375 359
376 308
377 243
377 265
377 313
378 58
379 339
379 45
379 22
380 365
381 154
381 115
381 209
381 232
382 245
383 297
384 203
385 307
386 92
386 224
386 22
387 215
388 138
389 7
390 385
391 69
392 350
393 172
394 184
395 93
396 150
397 191
398 392
398 350
399 276
400 19
401 76
402 334
402 114
403 317
404 202
405 263
406 369
407 174
408 54
409 188
410 248
411 74
412 230
412 27
413 105
414 242
415 358
416 29
417 348
418 269
419 2
419 89
420 301
421 132
422 288
423 416
423 29
423 292
424 17
425 200
425 163
426 156
426 68
426 78
427 288
427 206
428 325
429 244
430 280
431 351
432 303
433 153
434 6
434 118
435 89
436 120
437 19
437 68
438 324
439 40
440 358
441 381
441 115
441 154
441 209
441 232
442 136
443 425
444 408
445 387
445 215
446 39
446 23
447 120
448 367
449 193
450 316
450 88
451 228
452 110
452 31
453 247
453 10
453 1
454 222
455 388
456 213
457 384
457 203
457 226
458 447
459 360
460 94
461 396
462 113
463 205
463 50
463 66
463 3
464 328
465 464
466 383
467 185
468 92
468 386
468 22
468 224
468 379
469 381
470 288
471 288
472 151
473 24
474 173
475 431
476 105
477 27
478 285
478 71
479 179
479 90
479 129
480 199
481 52
482 452
482 31
482 110
483 358
484 68
484 156
485 63
486 56
487 107
488 350
488 392
488 398
489 483
490 345
491 188
492 59
493 350
494 309
495 122
496 328
496 55
496 74
496 21
497 192
498 213
498 456
499 5
500 464
501 364
502 391
503 361
504 117
505 404
506 12
506 61
506 286
507 260
508 183
509 51
510 14
511 1
512 190
512 23
513 454
514 322
514 200
515 229
516 458
517 118
518 298
519 202
520 108
520 363
521 336
521 57
522 70
522 22
522 45
523 460
524 390
525 423
525 416
526 292
527 396
528 241
529 387
530 58
531 521
531 57
531 1
531 149
531 184
531 231
531 453
532 114
533 76
534 238
535 5
535 50
536 309
536 226
536 203
536 457
536 97
537 195
538 120
539 173
539 100
539 168
539 254
539 0
540 143
541 14
542 261
543 77
544 264
545 230
546 79
547 50
548 153
548 433
549 136
549 105
550 508
551 243
552 46
553 458
553 516
554 388
555 234
556 73
557 147
558 301
559 6
560 337
560 174
560 407
561 157
561 23
561 39
561 190
561 446
561 512
562 552
563 520
563 108
564 52
565 291
566 413
567 24
568 102
569 398
570 507
571 115
572 164
572 272
573 403
573 317
573 249
574 100
575 529
576 179
577 101
577 34
577 155
577 282
578 470
579 342
579 93
580 229
581 580
582 379
582 468
583 229
583 177
583 289
583 98
584 14
585 235
586 398
587 242
587 19
587 414
588 116
589 286
590 162
591 303
592 331
592 78
593 417
594 476
595 36
596 371
597 551
598 47
599 421
599 132
600 350
601 60
602 424
603 596
604 6
605 519
606 368
607 53
608 39
609 519
610 398
611 452
612 232
612 381
613 205
614 8
615 135
615 21
616 252
617 256
618 462
618 113
619 53
619 2
620 104
621 576
621 179
622 6
623 49
624 257
625 52
625 481
626 614
627 547
628 571
629 493
630 14
631 370
632 507
633 491
633 188
633 146
634 609
634 519
634 202
634 605
635 527
636 573
637 356
638 419
639 335
640 275
641 235
642 284
642 119
643 232
644 605
645 280
646 517
647 638
648 121
649 487
649 107
650 556
651 198
651 68
652 168
653 147
654 210
655 504
656 191
657 632
658 379
659 417
659 593
660 321
661 655
662 438
663 485
663 63
664 396
665 96
666 403
667 250
667 7
668 518
668 298
668 116
669 86
670 76
671 570
672 508
672 183
672 185
673 10
674 114
674 532
675 487
676 488
677 288
677 206
678 521
678 336
678 57
678 1
678 123
678 3
678 14
678 365
678 380
679 30
680 9
681 311
682 576
683 65
683 356
684 544
685 2
686 679
687 254
687 173
688 354
689 2
690 2
691 622
692 547
692 50
693 360
694 617
695 227
696 230
697 361
698 623
699 199
700 566
701 149
702 386
702 92
703 105
704 311
704 187
705 697
705 361
706 630
707 440
708 350
709 395
710 340
711 654
712 330
712 87
713 126
714 451
715 67
716 265
717 182
718 129
719 693
720 103
721 224
722 103
722 720
723 283
724 291
725 201
726 372
726 138
726 240
727 2
728 653
729 238
730 334
731 236
731 132
732 731
733 375
734 159
735 653
736 167
737 734
737 159
737 75
738 188
739 461
740 200
741 634
742 33
742 26
743 418
743 269
744 150
745 90
746 461
747 122
748 610
749 265
749 716
750 742
750 33
751 362
752 595
752 36
752 22
752 468
753 468
754 349
755 133
756 422
757 574
758 225
759 595
760 450
760 88
761 29
762 9
763 616
764 403
765 79
766 55
766 280
766 430
767 593
767 417
767 659
768 646
769 115
770 632
770 657
771 474
772 26
772 55
773 769
773 115
774 99
775 685
776 661
776 655
776 504
776 117
777 473
777 24
778 434
779 746
780 760
780 450
781 302
782 558
783 25
783 86
783 669
784 563
784 520
785 305
786 374
787 94
788 3
789 619
789 2
789 53
789 27
789 69
790 241
791 394
791 184
791 1
791 531
791 57
791 149
791 123
792 87
793 756
794 361
795 586
796 598
797 737
797 75
797 734
798 469
798 381
799 29
800 475
801 96
802 235
803 447
804 713
805 86
806 601
807 298
808 353
809 803
810 250
811 715
812 242
812 414
813 102
814 382
815 733
816 140
817 91
818 605
819 125
820 312
821 374
822 447
823 321
824 130
824 211
824 14
825 456
826 184
827 821
827 374
828 619
829 283
829 68
830 68
830 283
831 188
832 824
833 428
833 325
834 763
835 436
835 120
836 698
837 565
838 745
838 90
839 187
840 45
841 465
842 469
843 458
843 553
844 265
844 716
844 749
845 105
845 703
846 678
847 23
848 12
849 378
850 458
851 149
852 36
853 484
853 68
854 138
855 637
856 104
856 340
857 97
858 700
859 498
860 68
861 633
862 393
863 340
864 571
865 14
866 461
866 396
866 746
867 475
867 431
867 800
868 529
868 575
869 264
870 743
871 5
871 499
872 412
872 230
873 165
874 125
874 216
875 364
876 826
877 531
878 644
879 23
879 30
880 251
880 123
880 365
881 264
881 544
881 869
882 771
883 429
884 409
885 716
886 200
887 699
887 199
888 143
889 376
890 210
890 108
890 654
891 178
891 131
892 124
893 404
893 202
893 505
894 878
895 132
895 121
895 201
896 327
896 271
897 697
897 705
898 842
899 686
900 873
901 238
901 173
902 63
903 854
904 39
905 257
906 114
907 198
908 214
909 211
910 631
910 370
911 752
911 468
912 328
913 595
914 747
915 20
916 301
917 180
918 481
918 625
918 52
918 10
918 1
919 730
920 100
921 484
921 156
921 853
922 22
923 701
923 149
924 66
925 169
926 847
927 721
928 598
928 796
929 74
930 80
931 69
932 406
932 369
932 20
933 591
934 175
934 235
935 159
936 680
936 9
936 41
936 83
936 762
937 878
937 894
938 397
939 149
939 531
939 851
940 395
940 93
940 709
941 567
942 241
943 201
943 725
944 590
945 435
946 761
946 29
947 258
948 160
949 382
950 222
951 186
952 127
953 9
954 291
955 492
956 947
957 386
958 731
958 732
959 240
960 708
961 844
962 108
963 900
964 329
965 954
966 325
967 328
968 686
968 679
968 899
969 844
970 920
971 649
972 95
973 64
974 580
975 774
976 154
977 423
978 553
978 516
978 843
979 405
979 263
980 779
980 746
981 316
982 444
983 80
984 605
985 290
986 252
987 719
988 440
989 455
989 388
990 320
991 457
991 536
991 226
992 424
993 637
993 855
994 259
995 653
995 147
995 728
995 362
995 10
996 476
997 339
998 786
998 374
999 982
1000 747
1001 478
1002 719
1003 757
1004 280
1005 61
1005 506
1006 28
1006 90
1006 179
1007 774
1008 230
1008 27
1009 349
1010 354
1011 814
1012 569
1013 547
1014 179
1015 646
1016 686
1017 685
1018 22
1019 720
1020 323
1021 399
1022 672
1023 557
1023 147
1023 995
1024 210
1025 549
1026 880
1026 123
1027 201
1028 589
1029 167
1030 95
1031 427
1031 288
1032 999
1033 808
1033 353
1033 23
1033 190
1034 393
1035 681
1036 153
1037 657
1038 245
1038 221
1038 382
1039 890
1040 4
1041 941
1042 472
1043 557
1044 203
1044 536
1045 775
1046 825
1047 62
1048 973
1049 409
1050 379
1051 858
1052 866
1053 374
1054 286
1054 94
1054 253
1054 12
1054 787
1054 145
1055 541
1056 326
1056 31
1057 864
1058 997
1059 978
1060 209
1061 271
1061 327
1061 896
1061 143
1062 325
1062 196
1062 71
1063 38
1064 824
1065 981
1066 153
1067 189
1068 858
1069 1047
1070 888
1070 143
1071 744
1072 854
1072 138
1072 903
1073 749
1073 844
1074 938
1074 397
1075 1055
1075 541
1075 14
1076 446
1077 585
1078 4
1079 463
1080 199
1081 394
1082 827
1083 986
1084 613
1085 978
1086 786
1087 800
1088 547
1089 160
1090 589
1091 938
1092 505
1093 292
1093 423
1094 670
1095 774
1095 975
1096 165
1096 218
1097 619
1098 1058
1099 12
1100 716
1101 1078
1102 454
1102 222
1102 513
1103 467
1104 412
1105 1037
1106 887
1107 809
1107 803
1107 447
1107 822
1108 1102
1109 776
1109 661
1110 113
1111 245
1112 719
1112 1002
1113 574
1114 488
1115 792
1116 444
1117 497
1118 733
1119 553
1120 961
1121 361
1122 1111
1123 252
1124 647
1125 21
1125 46
1125 55
1125 59
1126 824
1127 487
1128 547
1129 510
1130 135
1131 486
1132 663
1133 1080
1134 422
1135 217
1135 102
1135 295
1135 306
1136 46
1136 26
1136 1125
1137 6
1138 345
1139 755
1139 133
1140 16
1141 1080
1141 199
1142 406
1143 1075
1143 1055
1144 721
1145 806
1146 497
1147 727
1148 896
1149 123
1149 336
1149 365
1149 678
1150 207
1151 1040
1152 624
1153 147
1154 843
1155 400
1155 19
1156 401
1156 76
1156 533
1157 127
1158 199
1158 699
1159 78
1159 68
1160 990
1161 729
1161 238
1161 534
1162 669
1163 68
1164 657
1164 770
1165 58
1166 445
1167 868
1168 828
1168 619
1168 53
1169 540
1170 177
1171 93
1171 72
1172 156
1173 399
1174 587
1175 930
1176 144
1176 181
1177 132
1178 664
1179 845
1180 460
1181 19
1182 1093
1183 822
1184 24
1185 134
1185 26
1186 27
1187 1055
1188 318
1189 636
1190 508
1191 0
1192 463
1193 1026
1194 21
1194 54
1195 39
1196 245
1197 626
1198 759
1199 1138
1200 199
1200 480
1201 741
1201 634
1201 519
1202 213
1203 543
1204 224
1205 1067
1205 189
1206 481
1207 1161
1208 534
1209 1169
1210 1043
1211 683
1212 103
1212 722
1213 813
1214 327
1214 165
1214 271
1215 372
1216 73
1217 665
1218 0
1219 453
1220 242
1220 812
1221 970
1222 634
1223 879
1223 30
1223 23
1224 860
1225 216
1226 482
1227 104
1228 105
1229 293
1230 1040
1230 1151
1231 1037
1232 452
1233 122
1234 814
1235 890
1235 108
1235 654
1235 210
1235 711
1236 236
1237 465
1238 769
1238 115
1238 571
1239 566
1240 461
1240 739
1240 746
1241 440
1242 797
1243 47
1244 434
1245 798
1246 283
1246 830
1246 68
1247 1097
1247 619
1248 654
1249 1125
1250 481
1250 625
1251 490
1252 453
1253 451
1254 1085
1255 1202
1256 955
1257 369
1258 551
1259 1181
1259 19
1260 478
1260 1001
1261 617
1262 384
1263 304
1264 628
1265 591
1266 736
1266 167
1267 807
1267 298
1268 845
1269 1241
1270 780
1270 450
1271 623
1271 49
1272 190
1273 1112
1274 618
1274 462
1274 113
1275 1043
1276 1101
1276 1078
1277 1001
1278 813
1279 1236
1279 236
1280 1140
1281 1220
1282 1206
1282 481
1283 443
1284 909
1285 1105
1286 977
1286 423
1287 43
1288 1097
1289 584
1290 395
1291 1270
1292 1120
1293 180
1294 159
1294 734
1295 249
1296 670
1297 600
1298 1034
1299 605
1300 972
1300 95
1300 25
1300 1030
1300 109
1301 292
1302 108
1302 249
1302 962
1303 763
1304 940
1305 975
1306 1128
1307 1092
1307 505
1308 745
1309 799
1310 253
1310 286
1310 1054
1311 258
1312 316
1313 461
1314 949
1314 382
1315 630
1316 1113
1317 931
1317 69
1318 1
1319 508
1320 489
1321 709
1322 1103
1323 452
1324 1220
1325 902
1326 226
1326 457
1327 657
1328 52
1329 437
1329 68
1330 365
1331 1187
1332 1124
1332 647
1332 638
1333 1048
1333 973
1334 919
1334 730
1335 1140
1336 1187
1337 602
1338 3
1339 65
1340 719
1341 124
1342 580
1343 971
1344 471
1345 511
1346 651
1347 205
1348 1158
1349 947
1350 489
1351 69
1352 863
1353 1129
1354 192
1355 124
1356 1031
1356 288
1357 361
1357 503
1357 697
1358 1175
1359 354
1360 737
1361 225
1362 1125
1362 59
1363 206
1363 152
1364 1184
1364 24
1365 153
1366 1302
1367 387
1367 445
1367 215
1368 1007
1369 175
1370 821
1370 827
1370 1082
1371 1239
1372 1250
1373 1061
1374 633
1375 1134
1376 597
1377 45
1378 410
1379 1074
1380 1252
1381 140
1381 816
1382 1331
1383 215
1383 344
1383 1367
1383 445
1384 15
1384 10
1385 990
1386 546
1387 691
1387 622
1388 607
1388 53
1389 128
1390 1164
1391 739
1392 341
1393 129
1394 16
1395 442
1395 136
1396 1194
1396 21
1397 873
1398 458
1399 844
1400 897
1401 328
1402 533
1403 1016
1404 1013
1405 1140
1405 1280
1406 1207
1407 977
1408 52
1408 564
1409 91
1410 836
1411 564
1411 1408
1411 52
1412 237
1413 657
1414 842
1415 509
1415 51
1416 574
1416 100
1417 657
1418 1057
1418 864
1418 571
1419 1132
1419 663
1419 485
1420 224
1421 926
1422 111
1423 288
1424 977
1425 4
1425 103
1426 1096
1427 95
1428 708
1429 1389
1430 160
1431 581
1431 580
1432 967
1433 1302
1433 1366
1434 674
1435 762
1436 362
1437 470
1437 288
1438 1096
1439 454
1440 604
1441 1203
1442 961
1442 844
1442 716
1442 749
1442 885
1443 481
1444 1206
1445 1055
1446 222
1446 101
1447 322
1448 650
1448 556
1449 665
1450 871
1451 185
1452 687
1453 1331
1454 1146
1455 456
1455 825
1456 1029
1457 970
1458 238
1459 747
1459 122
1459 62
1460 1078
1460 4
1460 2
1460 619
1460 1097
1461 1358
1462 458
1463 521
1464 565
1464 291
1464 837
1465 725
1466 263
1467 88
1468 1025
1469 290
1470 1097
1471 908
1472 611
1472 452
1473 897
1474 1282
1475 172
1475 393
1476 1276
1476 1078
1476 1101
1477 1410
1478 996
1479 512
1479 23
1480 1350
1481 605
1482 899
1483 161
1484 624
1485 13
1485 1
1485 90
1485 202
1485 404
1486 413
1487 334
1488 814
1489 811
1490 1381
1490 140
1491 51
1492 565
1492 291
1493 1389
1494 1109
1495 1018
1495 22
1496 246
1496 2
1496 35
1497 407
1498 1449
1499 1422
