1 0
2 1
3 1
3 0
3 2
4 1
5 2
5 1
5 4
6 4
7 2
8 0
9 8
9 0
9 1
9 3
9 2
10 7
11 10
12 6
12 4
13 11
14 1
14 9
15 4
16 8
17 4
18 17
19 0
20 12
20 6
20 4
21 12
21 20
22 1
23 13
24 5
25 13
26 2
27 11
28 0
29 8
30 17
31 5
32 11
33 30
34 29
35 5
36 20
37 25
37 13
38 2
39 10
40 13
41 12
42 29
43 32
44 12
44 41
45 16
46 25
47 43
48 13
49 16
50 2
50 7
51 25
52 6
53 12
54 31
55 1
56 42
57 50
58 52
59 35
60 9
61 12
62 8
62 0
63 12
64 57
64 50
65 63
65 12
66 9
67 53
68 12
69 40
69 13
70 59
71 6
71 20
72 60
73 56
74 18
75 11
76 8
76 16
77 67
77 53
78 15
79 27
80 22
81 8
82 4
83 25
84 74
85 58
86 83
87 69
88 33
88 30
89 25
90 48
91 80
92 88
93 23
94 25
95 90
96 72
96 60
96 9
97 47
97 43
98 69
99 61
100 91
100 80
101 36
102 45
103 1
104 10
105 91
106 74
107 2
108 74
109 7
110 70
110 59
111 16
112 56
113 22
114 59
115 6
115 4
115 52
116 58
117 54
117 31
118 16
118 8
118 76
119 96
120 57
120 50
121 22
122 53
122 12
122 67
122 77
123 60
124 53
125 69
126 82
127 36
128 22
129 120
130 83
130 86
131 104
132 131
132 104
132 10
133 66
134 112
135 68
135 12
136 41
137 59
137 70
138 116
139 43
140 47
141 15
142 102
143 45
144 59
144 70
144 137
145 64
146 21
147 37
148 122
149 111
150 95
151 138
152 5
153 63
153 12
153 65
154 126
154 82
155 53
156 85
157 15
157 4
157 78
157 141
158 136
158 41
158 44
159 8
160 59
161 153
162 130
163 66
164 92
164 88
165 127
166 122
167 8
167 62
168 77
169 83
170 100
171 36
172 73
173 142
173 102
174 7
175 135
176 172
177 72
178 83
178 169
179 112
179 56
180 117
181 42
182 104
183 118
184 17
185 142
185 102
186 25
187 43
188 110
189 32
190 129
191 127
192 92
193 0
194 135
195 26
196 49
197 66
198 169
199 198
199 169
200 106
201 9
201 8
202 174
203 1
204 9
204 8
204 159
205 140
206 166
206 122
207 153
207 12
207 122
207 135
208 134
208 112
209 114
210 72
211 49
212 111
212 149
213 152
214 38
215 134
215 208
216 0
216 1
217 79
217 27
218 121
219 178
219 169
220 81
221 23
222 23
222 13
222 93
222 221
223 25
224 91
225 21
226 104
227 91
227 100
228 159
228 8
228 204
228 9
228 60
228 72
229 60
229 123
230 217
231 91
232 117
232 180
233 184
234 4
234 20
235 147
236 1
237 66
238 72
238 96
239 188
239 110
240 232
241 98
242 121
243 7
244 134
245 221
246 76
247 181
248 109
249 71
250 184
251 166
251 122
252 45
253 17
254 131
255 132
256 165
257 175
258 22
259 144
260 191
260 127
261 173
261 142
262 69
263 90
264 49
265 3
266 125
267 155
268 223
268 25
269 53
270 86
271 176
272 137
273 251
274 199
275 102
276 21
276 12
277 154
278 94
279 117
280 213
281 158
282 186
283 255
284 169
285 62
286 2
287 177
288 9
289 239
290 248
291 146
292 99
293 110
294 263
294 90
295 43
296 166
296 206
296 122
297 277
298 10
299 123
300 268
301 238
301 96
301 9
302 175
303 229
304 91
304 231
305 206
306 240
307 48
308 281
308 158
309 100
310 47
311 196
312 9
313 153
314 273
315 264
316 106
317 45
317 102
318 185
319 256
320 74
321 214
322 238
323 128
324 73
325 19
326 261
327 157
328 304
329 162
330 216
330 1
331 79
332 330
332 1
333 114
334 150
334 95
335 302
336 4
337 227
338 49
339 247
340 269
341 171
341 36
342 221
343 195
344 233
345 209
346 102
347 44
348 165
348 256
348 319
349 207
350 199
351 321
352 229
353 114
353 209
354 73
355 322
356 330
357 72
358 189
359 324
359 73
359 56
360 192
361 136
362 183
363 80
364 149
365 130
366 341
367 68
368 183
369 101
370 288
371 72
372 130
373 56
374 188
375 307
376 113
377 212
377 149
377 111
378 232
378 117
378 240
378 54
379 252
379 45
380 125
381 253
382 361
383 287
384 285
384 62
384 8
385 62
385 167
385 285
386 91
387 71
387 20
387 249
388 206
389 6
390 116
390 138
391 377
392 142
393 347
394 247
394 181
395 12
396 93
397 206
398 285
398 384
399 55
399 1
400 79
401 268
401 25
401 46
402 98
403 198
404 313
405 252
406 184
407 68
407 12
408 212
409 29
409 8
409 34
410 305
410 206
411 66
411 9
411 163
412 395
413 241
413 98
414 139
415 71
415 6
416 413
417 318
418 169
419 397
420 319
421 13
422 360
423 302
423 175
423 335
423 135
424 90
424 95
424 334
425 27
425 11
425 217
426 106
426 74
427 104
427 132
428 107
429 309
430 206
431 331
432 262
433 57
434 173
435 101
436 241
437 431
438 288
439 356
440 44
441 388
441 206
442 101
443 155
444 306
445 403
446 215
447 314
448 352
449 303
450 320
451 124
452 116
453 284
454 380
455 215
456 291
457 184
457 233
458 204
458 8
459 81
460 68
461 289
462 391
463 393
464 137
465 71
466 27
467 179
468 296
469 134
470 457
471 155
472 437
472 431
473 373
473 56
474 274
475 398
476 192
477 297
478 236
479 8
480 184
480 406
481 469
482 457
483 213
484 136
485 24
486 461
487 289
488 287
488 177
489 222
490 296
491 232
492 402
493 192
494 367
495 13
496 127
496 260
497 57
498 60
499 238
499 96
499 72
500 334
501 481
502 182
503 370
504 112
504 56
505 166
506 468
507 294
508 213
509 41
510 287
511 9
512 220
512 81
513 78
514 443
514 155
514 267
515 397
516 400
517 439
517 356
518 348
519 158
520 135
521 375
522 1
523 338
524 62
525 524
526 55
527 180
528 45
529 102
530 302
531 245
531 221
532 35
532 5
533 278
534 418
535 69
536 305
537 447
537 314
538 98
539 233
540 390
541 222
541 93
542 329
543 430
544 193
545 110
545 70
546 351
547 442
547 101
548 547
549 400
550 163
550 66
550 411
550 9
551 234
552 184
553 521
554 102
555 503
556 155
557 453
558 211
559 135
560 504
561 475
561 398
562 527
563 10
564 444
565 241
566 264
567 77
567 122
568 566
569 327
570 40
570 13
571 78
572 420
573 288
574 327
575 261
575 142
576 208
577 387
577 20
577 71
577 249
578 476
579 511
580 471
581 98
582 187
583 78
583 571
584 495
585 202
586 248
587 482
587 457
588 257
588 175
589 54
589 117
589 180
589 527
590 522
591 526
592 229
593 520
593 135
594 223
595 178
596 326
597 64
598 119
599 562
600 114
601 570
602 65
602 12
602 63
602 135
602 175
603 443
604 398
605 208
605 576
606 223
607 397
608 500
609 429
609 309
610 262
611 332
611 330
612 96
613 21
613 276
614 208
615 445
615 403
616 117
617 118
618 375
619 37
619 25
620 3
621 603
621 443
622 380
623 364
623 149
624 57
624 120
625 610
626 263
627 398
628 225
629 121
629 218
630 250
630 184
631 495
632 451
633 346
634 508
635 325
635 19
635 0
636 12
636 44
636 440
637 28
638 363
639 457
640 553
641 402
642 355
643 157
644 106
645 576
646 505
647 279
648 508
649 528
650 82
651 279
652 413
653 436
653 241
654 348
655 53
656 402
657 392
657 142
658 534
659 192
660 4
661 230
662 365
663 94
664 176
665 468
665 296
665 506
665 490
666 149
667 472
668 77
669 576
670 412
671 203
672 391
673 659
674 232
674 180
675 220
676 296
677 328
678 72
679 139
680 34
680 409
681 577
682 348
683 337
683 227
684 4
684 15
685 296
686 647
687 166
688 640
689 273
690 62
690 524
690 525
691 532
692 154
693 537
694 612
695 14
696 285
696 62
697 294
698 16
699 143
700 225
701 654
702 151
703 301
704 439
705 599
706 580
707 97
708 69
708 40
709 238
710 344
711 17
712 394
712 181
712 247
713 266
713 125
714 439
714 356
715 292
716 594
717 409
718 574
719 238
719 499
719 72
719 96
720 312
721 614
722 286
723 176
724 573
725 115
726 35
726 5
726 59
726 532
726 691
727 689
727 273
728 435
728 101
729 180
729 117
729 589
729 674
730 583
731 391
731 377
732 608
733 126
733 154
734 444
735 255
736 382
737 13
738 230
738 217
738 661
739 401
740 236
741 430
742 264
743 22
744 55
745 572
746 417
746 318
747 631
748 543
749 381
750 598
751 320
752 206
753 342
754 628
755 170
756 395
757 712
758 691
759 245
759 221
759 222
760 434
760 173
761 239
762 547
762 442
762 548
762 101
763 304
764 543
765 113
765 22
765 376
766 25
766 401
767 42
768 46
768 401
769 729
770 281
771 572
772 759
773 413
774 273
775 338
776 413
776 241
776 773
777 701
778 143
779 691
780 652
781 729
782 268
782 223
782 300
783 525
783 690
784 724
784 573
785 589
786 398
787 301
787 96
788 597
789 505
789 166
789 122
790 108
791 604
792 297
793 72
794 781
795 24
796 484
797 349
798 110
799 298
799 10
800 656
800 402
800 641
801 120
802 360
802 192
802 422
803 101
804 572
805 469
805 134
806 361
806 136
807 703
808 288
809 728
810 574
811 52
812 330
813 289
814 213
815 292
815 99
815 61
815 12
816 751
817 28
818 259
819 230
820 31
821 326
822 38
823 0
824 541
824 93
825 749
825 381
826 749
827 341
828 110
829 576
829 645
830 698
831 39
831 10
831 298
832 616
833 216
834 816
834 751
835 802
836 795
837 523
838 162
839 98
840 156
841 637
842 173
843 422
844 308
845 387
845 577
845 71
846 327
846 157
847 278
848 41
849 472
850 666
851 613
852 363
853 711
854 575
855 771
855 572
856 596
857 94
858 303
859 608
859 500
860 179
860 56
860 467
861 572
862 725
863 383
863 287
864 690
864 62
865 263
866 606
866 223
867 95
868 703
869 844
870 744
871 82
872 633
873 107
874 189
875 155
876 268
877 536
878 363
879 638
880 451
881 852
882 355
882 642
883 471
884 376
884 765
885 386
886 17
886 4
886 18
886 30
886 184
886 33
886 88
887 315
888 514
889 122
890 586
891 609
892 883
893 720
894 95
894 90
894 150
894 334
895 262
895 432
896 703
897 884
898 789
899 339
900 609
901 458
901 8
902 549
903 409
904 605
905 11
906 174
907 582
907 187
908 844
909 535
910 335
910 423
911 519
911 158
912 237
913 882
914 321
915 581
916 915
917 259
918 248
918 109
919 262
919 895
919 432
920 503
921 34
922 210
923 556
924 97
925 788
925 597
926 281
926 308
926 770
927 391
928 69
929 790
930 41
931 566
931 264
932 162
933 883
934 608
935 555
936 599
937 18
938 8
939 76
940 69
941 318
942 517
943 551
944 31
945 198
946 485
946 24
947 777
948 603
949 647
949 279
949 686
949 651
950 446
950 215
951 882
952 368
953 53
954 464
955 345
956 363
957 465
958 306
959 76
960 153
961 517
962 79
963 760
964 841
965 252
966 199
967 516
968 709
969 871
970 948
971 366
972 198
973 258
973 22
974 111
974 377
975 721
976 791
977 54
977 31
978 17
979 153
979 12
979 207
980 266
981 342
981 221
981 753
982 211
983 419
984 390
985 471
986 717
987 553
988 46
989 300
990 356
991 278
992 847
993 770
994 88
994 164
995 759
996 48
997 146
998 831
999 571
1000 172
1001 702
1002 242
1003 499
1004 854
1005 902
1006 1003
1007 602
1008 306
1009 440
1010 407
1011 40
1012 531
1012 221
1012 245
1012 23
1013 49
1014 720
1014 312
1014 893
1014 9
1014 511
1015 25
1016 940
1017 387
1018 51
1018 25
1019 310
1020 986
1021 23
1021 222
1021 93
1022 812
1023 278
1024 594
1024 223
1024 716
1025 665
1025 296
1026 328
1027 16
1028 397
1029 24
1030 20
1031 792
1032 18
1033 173
1034 74
1035 109
1035 248
1036 880
1037 279
1038 539
1038 233
1039 463
1039 393
1040 1006
1041 555
1042 738
1043 739
1044 461
1045 800
1045 656
1045 402
1045 98
1045 492
1045 641
1045 839
1046 766
1047 8
1048 542
1049 486
1050 786
1051 71
1052 85
1053 175
1054 688
1055 97
1056 625
1056 610
1057 892
1058 915
1059 1004
1060 514
1061 31
1062 64
1062 145
1062 597
1063 479
1063 8
1063 901
1064 851
1065 771
1066 458
1067 190
1068 986
1069 927
1070 367
1071 256
1072 816
1072 834
1073 697
1074 637
1075 453
1075 557
1076 373
1077 778
1077 143
1078 506
1078 468
1078 665
1079 69
1080 1042
1080 738
1081 256
1081 1071
1082 238
1083 348
1084 106
1084 74
1085 736
1085 382
1086 1009
1087 489
1087 222
1088 968
1089 545
1090 668
1090 77
1090 67
1091 617
1092 419
1093 198
1094 910
1095 615
1096 1095
1096 615
1097 392
1098 606
1098 223
1098 866
1098 1024
1099 109
1100 829
1101 513
1102 660
1103 628
1104 986
1104 1020
1105 898
1106 105
1106 91
1106 100
1106 386
1106 885
1107 796
1108 1030
1109 101
1110 910
1111 106
1112 148
1112 122
1113 969
1113 871
1114 1062
1115 965
1115 252
1115 379
1115 45
1116 827
1117 847
1118 997
1119 737
1119 13
1120 1006
1121 560
1121 504
1121 56
1121 112
1121 473
1121 134
1121 208
1122 362
1123 736
1123 382
1124 146
1125 423
1126 599
1127 380
1128 540
1129 100
1130 135
1131 983
1131 419
1132 869
1133 1069
1133 927
1133 391
1133 731
1133 377
1134 683
1135 313
1135 404
1136 510
1137 1067
1137 190
1137 129
1138 823
1139 216
1140 817
1141 269
1142 247
1143 659
1144 20
1145 738
1146 417
1147 576
1148 117
1149 766
1149 401
1150 36
1151 305
1151 410
1151 536
1152 258
1153 370
1153 288
1154 32
1154 43
1154 189
1154 139
1154 187
1154 295
1154 414
1154 679
1155 146
1155 1124
1156 973
1157 775
1158 1104
1159 274
1160 104
1161 870
1161 744
1162 284
1163 804
1164 1122
1165 256
1166 42
1167 720
1168 1100
1169 694
1170 930
1171 26
1172 1059
1173 354
1174 172
1174 73
1174 176
1174 1000
1174 56
1175 516
1176 1086
1176 1009
1177 94
1178 825
1178 381
1179 1032
1180 1101
1180 513
1181 375
1182 922
1183 983
1183 419
1184 1002
1184 242
1184 121
1184 22
1185 688
1186 637
1186 28
1186 841
1186 1074
1187 678
1188 594
1189 1181
1190 496
1191 1052
1192 282
1193 71
1194 791
1194 604
1194 398
1194 384
1195 459
1196 422
1197 83
1197 178
1198 406
1199 808
1199 288
1200 121
1200 629
1201 698
1202 464
1203 352
1204 710
1205 756
1206 879
1207 78
1208 682
1209 591
1210 758
1211 603
1211 621
1212 1147
1213 224
1214 341
1215 782
1216 990
1217 459
1218 789
1219 739
1220 464
1221 957
1222 305
1223 128
1224 722
1225 984
1226 550
1227 399
1228 712
1229 541
1230 107
1231 988
1232 51
1233 403
1234 401
1235 45
1236 575
1237 1211
1238 100
1238 1129
1239 103
1240 841
1241 298
1241 10
1241 799
1241 7
1242 1147
1242 1212
1243 1102
1244 1205
1245 78
1246 351
1247 249
1248 1028
1249 743
1250 185
1251 340
1251 269
1251 1141
1252 1008
1253 213
1254 1137
1254 190
1255 663
1256 371
1257 1144
1258 868
1258 703
1259 628
1260 1167
1261 121
1262 77
1263 817
1264 1244
1265 591
1266 979
1267 584
1268 22
1269 217
1269 27
1269 425
1270 142
1270 261
1270 392
1271 1094
1272 890
1272 586
1272 248
1273 1037
1273 279
1273 647
1273 651
1274 421
1275 1156
1276 951
1276 882
1277 138
1278 509
1279 875
1279 155
1280 1205
1280 756
1280 395
1281 1148
1282 354
1283 163
1284 604
1284 398
1285 173
1286 1034
1287 1013
1288 1185
1289 1104
1290 333
1291 506
1292 133
1292 66
1292 197
1293 758
1293 691
1294 1005
1295 851
1296 1243
1297 1024
1298 298
1298 799
1299 914
1300 968
1301 30
1301 17
1302 16
1303 480
1304 937
1305 525
1306 574
1307 81
1308 380
1309 745
1310 207
1311 845
1312 597
1313 910
1314 679
1314 139
1314 1154
1315 512
1316 1182
1317 987
1318 35
1319 765
1320 907
1320 582
1321 455
1322 694
1323 935
1324 781
1325 1101
1326 202
1327 1043
1328 1311
1328 845
1329 605
1330 100
1331 591
1332 1096
1333 1155
1334 885
1335 209
1336 1182
1337 117
1337 232
1338 1239
1339 949
1340 1330
1341 382
1342 340
1343 781
1344 51
1345 186
1346 489
1347 1325
1348 531
1349 762
1350 1118
1351 1286
1352 489
1353 1088
1354 440
1354 1009
1355 1041
1356 192
1356 92
1357 250
1358 487
1359 1151
1360 838
1361 876
1362 853
1363 1120
1363 1006
1364 912
1365 1054
1366 929
1366 790
1366 108
1367 372
1368 361
1369 295
1369 43
1370 142
1370 657
1371 291
1372 25
1372 401
1373 531
1374 198
1374 403
1374 1093
1374 445
1374 615
1374 1233
1375 327
1376 324
1377 2
1377 107
1378 349
1378 207
1379 598
1379 750
1380 692
1381 337
1382 1169
1383 1048
1384 750
1385 908
1385 844
1386 376
1387 285
1388 1181
1389 835
1390 1149
1391 1004
1391 854
1392 1297
1393 634
1394 310
1395 1007
1395 602
1396 627
1396 398
1397 490
1398 159
1399 857
1400 891
1400 609
1401 290
1402 751
1403 1267
1404 1161
1404 744
1404 870
1405 69
1406 809
1407 428
1408 500
1409 811
1410 1291
1410 506
1411 1394
1412 506
1413 1404
1414 58
1415 224
1416 66
1417 231
1418 337
1419 682
1420 483
1421 324
1422 1420
1422 483
1423 693
1424 883
1425 644
1425 106
1426 314
1427 922
1428 1403
1429 572
1430 1354
1431 397
1432 838
1433 671
1433 203
1434 1133
1435 940
1436 533
1437 1267
1438 328
1439 833
1440 1250
1440 185
1440 318
1441 627
1441 398
1441 1396
1442 1201
1443 731
1444 228
1445 1398
1445 159
1446 49
1447 126
1447 154
1448 32
1449 173
1450 1140
1451 666
1452 637
1453 1425
1453 106
1453 644
1454 785
1455 769
1456 1455
1456 769
1457 1425
1458 113
1459 1311
1460 925
1461 1214
1462 337
1462 683
1463 1242
1464 455
1465 108
1465 790
1465 1366
1466 737
1466 1119
1467 1185
1468 1268
1468 22
1468 765
1469 1450
1470 891
1470 1400
1471 1385
1471 844
1472 823
1473 204
1473 8
1473 9
1473 228
1473 29
1473 62
1473 60
1473 1444
1474 933
1475 54
1476 1269
1477 1040
1478 868
1479 1039
1480 1220
1480 464
1481 1343
1481 781
1482 1105
1483 645
1484 1398
1485 1049
1485 486
1485 461
1486 981
1486 342
1487 94
1488 840
1489 1055
1490 723
1491 575
1492 370
1492 503
1493 569
1493 327
1493 1375
1494 131
1495 774
1495 273
1496 550
1497 772
1498 626
1499 538
1500 1460
1501 289
1501 487
1502 70
1502 545
1503 85
1504 426
1505 567
1505 77
1506 166
1507 333
1508 1085
1509 708
1509 40
1510 987
1510 553
1511 1342
1512 1474
1513 77
1514 382
1515 1385
1516 1227
1516 399
1516 1
1516 55
1516 744
1517 75
1518 1457
1519 362
1520 1454
1521 362
1521 1122
1522 445
1523 786
1524 1133
1525 271
1526 627
1527 538
1528 83
1529 170
1529 755
1530 701
1531 1038
1532 31
1533 1161
1533 744
1533 1404
1533 870
1533 1516
1533 1
1533 399
1533 330
1534 280
1535 1227
1535 399
1536 573
1537 976
1537 791
1537 1194
1538 1245
1539 34
1539 29
1540 1139
1541 639
1542 1057
1543 710
1544 899
1545 584
1546 1199
1547 351
1548 587
1549 922
1550 1067
1551 1518
1552 1064
1552 851
1553 323
1554 1047
1554 8
1555 797
1556 539
1557 412
1558 234
1559 275
1559 102
1559 173
1559 346
1560 1237
1561 280
1562 22
1562 80
1562 121
1563 448
1564 286
1565 25
1566 399
1566 1
1567 108
1568 562
1569 5
1569 1
1569 24
1570 488
1570 287
1570 510
1571 1159
1571 274
1571 474
1572 70
1573 1236
1574 515
1575 318
1576 1055
1577 171
1578 1286
1579 1357
1580 913
1580 882
1581 1403
1582 1356
1583 1316
1584 1204
1585 1239
1586 963
1586 760
1587 994
1588 909
1589 558
1589 211
1590 177
1590 72
1590 678
1590 1187
1591 54
1592 1041
1592 555
1592 1355
1593 1491
1594 206
1595 1510
1595 987
1596 1364
1597 1005
1598 385
1599 576
1600 1500
1600 1460
1601 1464
1602 63
1603 615
1604 1028
1605 977
1606 1591
1607 506
1607 1078
1608 1228
1609 730
1610 1580
1610 913
1610 882
1611 1178
1612 414
1613 28
1613 637
1614 1212
1615 963
1616 811
1617 83
1618 1106
1619 30
1620 492
1621 405
1622 627
1623 6
1624 1263
1625 234
1625 551
1626 733
1627 631
1628 1408
1628 500
1629 963
1630 1261
1631 1358
1632 1380
1632 692
1632 154
1633 364
1634 402
1635 229
1636 1468
1636 22
1636 765
1636 743
1637 592
1638 1552
1639 1294
1639 1005
1640 1310
1641 491
1642 1252
1643 318
1643 1575
1644 702
1645 1380
1645 692
1645 1632
1645 154
1646 1585
1647 712
1648 1410
1649 171
1650 979
1650 153
1651 989
1651 300
1652 946
1653 905
1654 1272
1654 248
1654 586
1654 890
1655 1095
1656 873
1657 1633
1658 1461
1659 1035
1660 1639
1661 1052
1662 1076
1663 243
1664 517
1665 715
1665 292
1666 1182
1667 187
1668 1087
1669 1269
1670 1296
1671 1312
1672 584
1673 913
1674 187
1675 1501
1675 289
1676 952
1677 725
1678 1323
1679 401
1680 228
1680 204
1680 8
1680 9
1681 462
1682 972
1683 1375
1684 295
1684 43
1685 1402
1686 106
1687 228
1688 1583
1689 51
1689 25
1690 1107
1691 1543
1691 710
1691 1204
1692 1508
1693 275
1693 1559
1693 102
1693 346
1693 45
1693 633
1694 809
1695 1551
1696 672
1696 391
1697 1521
1698 571
1699 1098
1700 152
1701 1091
1702 1466
1703 1672
1703 584
1704 875
1704 1279
1705 971
1705 366
1706 1029
1707 463
1708 71
1709 930
1710 588
1711 260
1712 785
1713 1700
1714 84
1714 74
1715 1579
1716 1512
1717 833
1718 1313
1718 910
1719 1673
1720 256
1721 801
1721 120
1721 624
1722 760
1723 135
1724 1585
1725 495
1726 965
1727 1256
1728 320
1729 787
1730 342
1731 882
1732 1636
1733 1181
1734 1523
1734 786
1734 1050
1735 1574
1736 992
1737 627
1738 244
1739 1449
1740 437
1740 431
1740 331
1741 1528
1742 5
1742 2
1743 67
1744 404
1745 911
1746 1589
1747 733
1747 154
1748 28
1748 817
1749 1446
1749 49
1749 16
1749 196
1749 45
1750 641
1751 1544
1752 1234
1753 630
1754 83
1755 1477
1755 1040
1756 215
1757 1625
1758 1499
1759 173
1760 772
1761 1152
1762 581
1762 915
1763 1586
1764 792
1765 1294
1766 502
1767 321
1768 1254
1769 1480
1770 177
1771 1503
1772 664
1772 176
1773 714
1773 356
1774 651
1775 1546
1776 287
1776 863
1777 1286
1778 622
1779 1429
1780 96
1781 147
1782 32
1782 11
1782 75
1782 905
1783 807
1784 1461
1785 724
1786 273
1787 67
1788 1367
1789 923
1790 1463
1790 1242
1791 186
1791 25
1792 495
1793 429
1794 306
1795 592
1795 229
1795 1637
1796 598
1796 119
1797 174
1798 1580
1799 76
1800 1758
1800 1499
1801 1497
1802 1454
1803 1735
1804 476
1805 1330
1806 1111
1807 1166
1808 369
1809 683
1810 1693
1811 1482
1812 280
1813 1707
1814 1356
1814 92
1815 820
1816 357
1817 487
1817 1358
1818 475
1819 79
1820 994
1821 1623
1821 6
1822 848
1822 41
1823 637
1823 841
1824 1423
1825 246
1826 751
1827 1772
1828 1525
1828 271
1829 731
1830 1162
1831 1489
1832 1307
1833 970
1833 948
1834 1356
1834 92
1834 1582
1835 1439
1836 523
1836 338
1837 1807
1838 21
1839 1652
1839 946
1839 24
1840 742
1840 264
1840 566
1840 568
1841 1077
1842 1475
1843 29
1844 434
1844 760
1845 755
1845 170
1845 1529
1846 812
1847 1204
1848 807
1849 785
1850 1460
1851 913
1851 1580
1851 1610
1851 882
1852 1832
1853 999
1854 1028
1855 547
1856 1638
1857 1448
1858 1257
1859 974
1859 111
1859 377
1860 1041
1861 552
1861 184
1862 356
1863 971
1864 1236
1864 575
1864 1573
1864 142
1865 204
1866 814
1867 88
1868 1343
1869 39
1870 752
1871 1223
1872 1169
1873 1047
1874 1720
1875 1208
1876 1860
1877 637
1878 55
1878 1516
1878 1
1878 1533
1879 1302
1880 1431
1881 1458
1882 864
1883 796
1883 484
1884 837
1885 1850
1886 475
1887 353
1888 1713
1888 1700
1889 1163
1890 654
1890 348
1890 701
1891 1557
1892 1575
1893 1101
1894 1417
1894 231
1894 304
1895 1496
1896 333
1896 1507
1897 857
1897 94
1897 1399
1898 500
1899 1001
