1 0
2 0
3 2
4 1
4 0
5 3
6 5
7 4
8 1
8 4
9 6
10 9
11 4
12 9
12 10
13 0
14 10
14 9
15 14
16 4
17 11
17 4
18 4
18 7
18 16
19 17
20 6
21 17
21 11
21 19
22 9
23 7
23 4
23 18
24 16
25 12
26 3
27 18
27 4
27 7
27 23
28 23
28 18
29 6
30 17
31 10
31 12
31 9
31 25
32 19
33 12
34 14
35 8
35 1
35 0
35 4
36 24
37 7
37 4
38 11
39 22
40 24
41 9
42 30
43 27
44 9
44 6
44 14
44 20
45 36
46 18
47 25
48 41
49 2
50 14
51 18
52 45
53 33
53 12
54 51
55 50
55 14
56 37
57 53
58 52
59 17
60 54
60 51
61 32
62 52
63 8
63 1
64 31
65 6
66 4
67 17
67 21
68 61
69 42
70 66
71 11
72 16
72 18
73 1
74 26
74 3
75 31
75 64
76 34
77 10
77 12
77 53
78 1
79 69
79 42
80 21
80 11
80 19
81 9
82 75
83 79
84 30
85 55
86 42
87 85
88 27
88 7
88 18
89 56
89 37
90 54
91 25
92 64
92 31
92 75
93 11
94 89
95 58
95 52
96 88
97 51
97 18
98 51
99 88
99 96
100 6
101 66
102 85
103 59
104 82
104 75
105 57
106 49
107 66
108 41
109 35
110 30
111 31
112 10
112 9
112 12
112 33
113 36
114 50
115 70
116 73
116 1
116 63
117 98
118 15
119 8
119 35
120 86
121 110
122 79
123 77
123 53
124 41
125 2
126 5
127 57
128 57
129 38
129 11
130 120
131 130
132 112
133 121
134 24
135 127
135 57
136 25
137 79
138 135
138 127
138 57
139 70
140 70
141 134
142 67
142 21
142 17
142 19
142 80
142 32
142 61
143 120
143 86
144 101
144 66
145 127
145 57
145 138
146 109
147 21
147 67
147 80
148 98
149 38
150 144
151 51
152 66
153 150
154 2
154 49
154 125
154 106
155 98
156 81
156 9
157 151
158 66
158 4
158 27
158 18
159 147
159 67
159 17
159 142
160 64
160 75
160 92
161 145
162 22
162 9
162 31
163 77
164 79
164 83
165 84
166 113
167 93
167 11
168 22
168 9
168 39
168 12
168 14
168 156
168 31
168 33
168 50
168 81
168 10
169 58
170 126
170 5
171 150
172 109
173 131
173 130
174 52
174 62
175 29
175 6
176 41
176 108
177 163
178 63
179 23
180 157
180 151
181 71
182 100
183 52
184 45
184 36
185 35
186 119
186 8
186 35
186 1
187 14
188 184
189 163
190 154
191 32
192 148
193 133
194 18
195 39
196 86
197 131
198 81
198 9
199 37
200 124
201 153
202 158
202 18
202 7
202 72
202 37
203 89
204 82
205 18
205 51
206 128
207 122
208 69
208 42
209 165
210 31
210 92
210 162
210 75
210 9
211 138
212 79
213 203
214 92
215 184
216 19
216 17
217 24
218 162
219 150
220 159
220 67
220 142
221 8
222 215
223 2
224 87
224 85
225 35
226 207
227 131
228 0
229 196
230 196
231 131
232 157
233 127
234 78
235 19
236 85
237 136
238 220
239 126
239 5
239 170
239 6
240 4
240 37
241 74
242 98
243 51
244 118
244 15
245 126
245 170
246 226
247 125
248 178
249 134
250 195
251 111
252 45
253 57
253 127
254 34
254 76
255 236
256 174
257 2
258 131
259 39
260 2
261 171
262 17
263 215
264 165
265 254
266 129
267 129
268 152
269 220
270 78
271 108
272 248
273 222
274 38
275 21
276 160
277 59
278 169
278 58
279 130
280 270
281 255
282 146
283 145
284 264
285 46
285 18
285 88
286 79
287 98
288 119
289 149
290 25
291 245
292 101
293 34
294 242
294 98
295 146
296 68
297 167
298 156
299 237
300 250
301 234
302 35
303 154
304 188
305 52
306 148
307 37
307 89
308 49
309 80
310 290
311 131
312 79
313 296
314 52
315 84
316 294
317 101
318 243
318 51
319 24
319 36
319 45
319 184
320 189
320 163
321 297
321 167
322 3
323 278
324 278
325 218
326 51
327 298
328 82
329 14
330 37
330 202
331 213
332 212
333 214
334 299
335 175
336 314
337 118
338 113
339 122
340 45
341 216
342 109
343 260
344 245
345 142
346 144
347 139
348 286
349 312
350 256
351 141
352 235
353 260
354 148
355 244
356 142
356 32
356 61
356 191
357 293
358 98
358 242
358 294
359 315
359 84
360 159
361 240
362 256
362 174
363 241
364 312
364 349
365 44
366 92
367 126
368 129
368 267
369 119
370 127
371 280
371 270
372 244
372 15
372 355
373 296
374 49
375 341
376 273
377 119
377 369
378 75
378 160
379 215
380 223
381 1
382 37
383 322
384 81
384 9
385 186
385 119
386 102
386 85
386 224
387 16
388 130
389 52
390 240
391 215
392 112
392 132
393 27
394 28
395 181
395 71
396 311
397 392
398 117
398 98
398 155
398 287
398 358
399 158
400 111
401 7
402 326
403 172
404 68
405 209
406 262
407 396
407 311
408 105
409 348
409 286
410 53
411 163
412 61
413 215
413 379
413 391
414 69
415 316
415 294
415 98
415 242
415 358
415 398
415 155
416 85
416 87
417 412
418 166
419 16
419 72
419 202
420 408
421 125
422 271
423 63
423 8
423 4
423 37
423 7
424 323
424 278
425 207
426 51
426 326
427 63
428 234
429 325
430 160
431 314
431 52
431 183
432 376
433 189
433 320
433 163
433 77
434 242
435 53
436 193
436 133
437 299
438 383
439 232
439 157
440 333
440 214
441 159
442 392
443 269
444 328
445 168
445 9
445 14
445 329
446 57
447 320
447 163
448 257
449 416
450 380
451 273
452 136
452 25
453 220
453 238
453 269
454 185
455 172
455 403
456 423
457 2
457 49
457 125
457 154
458 261
458 171
459 40
460 32
460 356
461 190
461 154
461 106
461 303
462 186
463 41
464 336
464 314
465 362
466 78
467 37
467 56
468 349
469 460
469 356
469 32
470 247
471 105
472 360
473 310
474 335
475 277
476 205
476 51
476 60
476 54
477 327
478 433
479 343
480 123
481 268
482 209
483 198
484 151
485 240
485 37
486 483
487 341
488 86
489 262
490 78
491 479
492 406
493 349
494 264
495 439
495 157
495 232
496 182
496 100
497 345
497 142
498 341
499 54
500 485
501 355
501 244
501 372
501 15
502 262
503 285
504 252
504 45
505 454
506 162
507 394
508 60
508 51
508 476
508 54
508 205
509 154
510 15
511 167
512 427
513 450
514 7
514 18
514 27
515 225
516 343
516 260
517 245
517 170
518 4
519 214
519 92
520 150
521 66
521 158
522 492
523 350
524 106
525 395
526 402
526 326
527 205
528 372
529 278
530 428
531 327
532 80
532 21
533 59
534 493
535 476
535 54
536 166
536 418
537 135
538 121
539 453
540 117
541 193
542 534
543 484
543 151
544 272
545 468
546 191
547 253
548 540
549 531
550 4
551 25
551 12
551 31
551 91
552 462
553 381
553 1
553 73
554 128
555 514
556 184
556 45
557 387
558 99
559 491
559 479
559 343
560 184
561 140
561 70
561 66
561 115
561 101
561 144
562 303
563 182
563 100
563 496
564 483
565 457
566 159
566 17
566 262
567 208
567 69
568 499
569 347
570 285
570 18
570 46
570 88
571 524
571 106
572 285
573 69
574 566
575 382
576 207
577 220
578 235
579 348
580 407
581 28
581 18
582 549
583 269
584 463
585 492
586 417
587 247
588 36
589 467
590 337
591 190
592 337
593 504
594 584
595 58
595 95
596 577
597 590
598 37
599 72
600 565
601 484
601 151
602 422
603 547
603 253
604 164
605 522
606 285
607 12
608 415
608 242
609 500
610 356
611 479
612 53
613 227
614 408
614 420
615 241
616 598
617 295
618 247
618 125
619 226
619 207
620 240
620 4
620 361
620 485
621 579
622 519
622 214
622 92
622 366
623 374
624 34
625 3
626 257
627 186
628 86
629 424
629 278
630 168
631 416
632 84
633 177
633 163
633 320
633 189
633 447
634 78
635 186
635 1
635 8
635 35
635 4
636 483
637 287
638 191
638 356
639 600
639 565
640 326
641 450
642 636
643 100
644 639
644 565
645 284
646 323
646 278
647 389
648 400
649 259
650 59
651 274
652 454
653 166
654 50
655 95
656 414
657 45
658 165
659 136
659 237
659 299
660 33
661 263
662 12
663 157
664 356
664 32
664 142
664 460
665 638
666 60
667 91
668 37
669 409
670 625
670 3
670 2
670 74
670 154
670 257
670 260
670 353
671 386
672 199
673 147
674 422
675 637
676 621
677 168
678 431
678 52
678 183
678 62
679 498
679 341
680 196
681 403
681 172
681 455
681 109
682 649
683 653
684 381
685 602
686 571
687 298
688 619
689 352
689 235
690 217
691 258
692 586
693 459
694 31
695 162
696 275
696 21
696 19
696 142
696 32
696 356
697 452
698 493
698 349
699 82
699 104
699 204
700 679
700 341
700 498
701 283
702 178
702 248
702 272
703 467
703 56
703 589
704 4
705 569
706 76
707 437
707 299
708 430
709 244
710 680
711 42
712 364
713 479
714 88
714 27
714 99
715 536
716 597
717 702
717 272
717 248
717 544
717 178
718 680
718 196
718 710
719 715
720 465
721 119
722 460
723 25
723 136
723 452
724 466
725 217
726 288
727 35
728 159
729 131
730 319
731 526
732 336
733 530
734 328
735 663
736 372
737 570
737 18
737 46
738 620
738 361
739 23
740 417
741 613
741 227
742 379
743 77
744 186
745 310
745 290
746 99
747 536
748 536
749 158
749 27
749 514
749 7
749 555
750 224
751 685
751 602
752 451
752 273
753 748
754 440
755 321
756 653
757 505
758 36
759 108
760 120
761 257
762 578
763 455
763 403
763 681
763 109
763 172
763 146
764 222
765 108
766 742
766 379
767 170
768 408
768 105
769 544
769 272
770 225
771 714
772 225
773 576
773 207
774 214
774 440
775 679
776 545
777 258
778 446
779 615
780 695
781 136
782 300
783 365
784 387
785 737
786 362
787 3
788 611
789 350
789 256
789 174
790 502
791 637
792 712
792 364
792 312
793 562
794 760
794 120
795 371
796 718
797 701
797 283
797 145
798 184
799 166
800 758
801 624
802 550
802 4
803 332
804 673
804 147
805 125
806 615
807 680
808 192
809 664
809 142
810 181
811 569
811 705
812 51
813 720
814 771
815 602
815 422
815 751
815 674
816 443
817 511
818 650
819 809
820 756
821 148
822 331
822 213
823 655
824 320
825 41
826 415
827 555
828 444
829 645
830 687
831 573
832 774
833 608
834 631
835 404
836 5
837 153
838 266
839 763
840 759
841 502
842 287
843 26
844 792
844 712
844 364
845 191
846 539
847 228
848 499
849 715
849 536
849 719
849 166
849 418
850 62
851 111
852 58
852 278
853 210
854 523
855 322
856 799
857 123
858 69
859 259
860 323
861 47
862 544
863 203
864 261
865 290
866 580
867 115
868 571
869 324
869 278
870 406
871 110
872 757
873 71
873 395
874 225
875 57
876 318
877 201
878 575
878 382
879 258
880 699
881 786
882 167
883 168
884 592
884 337
884 118
884 590
884 244
884 597
885 108
886 736
886 372
887 93
888 622
889 335
890 320
890 824
891 71
892 611
893 161
894 749
895 836
896 26
896 3
897 325
898 675
898 637
899 219
899 150
900 181
900 395
901 7
902 523
902 350
902 256
902 789
903 94
903 89
904 136
905 850
906 9
906 162
907 132
908 628
909 495
910 128
911 134
912 385
912 186
913 463
914 325
915 880
916 316
917 242
917 294
918 469
919 313
920 532
921 294
921 98
922 662
923 383
924 789
925 18
926 810
927 236
928 11
929 425
930 436
931 728
932 503
933 41
934 290
935 776
936 406
936 262
937 766
938 849
938 715
939 799
940 141
941 736
941 886
942 583
943 899
944 292
944 101
945 534
946 386
946 85
947 363
948 519
949 48
949 41
950 427
950 512
951 350
952 530
953 175
954 376
955 174
955 362
956 405
957 296
958 157
959 424
959 629
960 70
961 828
962 950
963 10
964 24
964 40
964 217
964 725
965 349
966 905
966 850
967 875
968 496
969 926
969 810
970 211
971 943
972 705
973 23
973 28
974 136
974 452
975 654
976 283
977 741
978 922
978 662
978 12
979 467
979 589
980 420
981 90
982 92
982 75
982 160
982 430
983 297
984 228
985 702
985 717
986 62
986 678
987 181
987 71
988 932
989 5
990 692
991 522
992 708
993 924
993 789
993 174
994 202
994 419
995 72
995 18
995 570
996 610
997 109
998 447
998 633
