1 0
2 1
3 2
4 3
5 3
6 0
7 1
7 2
8 3
9 6
10 5
10 3
10 2
10 8
10 7
11 5
11 3
12 0
12 6
13 12
14 3
14 5
15 9
16 5
17 1
18 2
18 7
18 10
19 16
20 6
21 3
22 19
23 2
23 7
24 11
25 20
25 6
26 2
26 1
27 9
28 4
29 18
30 14
30 3
30 5
31 8
32 2
32 3
33 30
34 6
35 1
36 0
37 33
38 3
39 7
40 1
41 13
42 33
42 30
43 14
44 33
45 34
46 35
47 10
48 10
49 2
49 26
50 6
51 48
52 39
53 37
54 18
55 5
56 11
57 35
57 46
58 13
59 53
60 0
61 19
62 53
63 5
64 38
65 55
66 14
67 43
68 43
68 67
69 34
70 19
70 61
71 66
72 64
72 38
72 3
73 35
74 43
75 52
76 18
77 60
78 57
79 72
79 64
80 32
80 2
81 45
82 6
83 21
84 26
84 1
84 0
84 7
84 17
84 40
84 6
84 23
84 2
85 83
86 65
87 69
88 37
88 33
89 7
90 85
91 34
92 90
93 39
94 44
95 81
95 45
96 90
97 27
98 21
99 20
99 25
99 6
99 0
100 7
101 70
101 19
101 22
102 10
102 18
102 2
102 49
102 84
103 81
104 15
105 6
105 12
105 82
106 76
107 61
108 58
109 6
110 0
111 73
111 35
112 56
112 11
112 24
113 76
114 104
115 13
116 74
117 116
117 74
118 51
119 99
120 110
121 6
122 117
123 15
124 89
124 7
124 23
125 17
126 104
126 114
127 81
128 75
128 52
129 97
130 39
131 2
132 78
133 6
134 86
135 41
135 13
136 93
137 87
138 87
139 127
139 81
140 92
141 60
142 117
142 122
143 119
144 1
144 84
144 6
144 40
145 135
146 38
147 22
147 101
148 3
149 97
150 42
151 13
152 4
153 6
154 122
155 77
156 38
157 99
158 96
159 95
160 115
161 0
161 60
161 99
161 25
162 38
162 64
163 134
164 97
165 163
165 134
166 4
166 28
166 152
167 154
167 122
168 95
169 37
170 73
170 35
170 46
171 37
172 133
173 58
174 173
175 96
176 45
176 34
177 33
178 86
179 58
179 13
180 79
181 6
182 35
183 88
183 33
184 182
185 56
186 163
187 73
187 170
188 105
188 6
188 181
189 162
189 64
189 38
189 72
190 169
191 33
192 47
193 68
194 11
195 121
196 39
197 11
198 53
199 90
200 45
201 147
202 170
203 95
204 161
205 46
206 96
207 14
208 202
209 57
209 35
209 46
209 1
209 182
210 143
211 152
212 136
213 137
214 49
215 149
215 97
216 166
216 4
216 28
217 161
218 67
219 143
220 133
220 6
221 212
222 55
223 216
224 118
225 76
226 71
227 9
228 6
228 220
229 72
230 25
231 163
232 40
232 84
233 176
233 34
233 45
234 231
235 5
236 168
237 176
238 72
239 71
239 66
240 44
241 142
242 32
243 74
243 43
244 54
244 18
245 56
246 230
247 160
248 206
249 181
250 232
250 40
250 84
250 1
250 7
251 78
252 215
253 160
253 115
253 247
254 85
255 53
256 132
256 78
257 48
257 51
258 102
258 49
258 26
259 60
260 246
261 22
262 7
263 246
264 52
264 39
264 7
265 174
266 184
267 45
267 176
268 8
269 76
270 97
271 127
271 139
272 204
273 5
274 59
274 53
275 233
276 233
277 169
278 14
279 120
280 201
280 147
281 100
282 16
283 105
284 88
285 171
286 2
286 18
287 72
287 79
288 252
288 215
289 205
290 199
290 90
291 139
291 81
292 231
293 118
294 8
295 224
295 118
295 51
295 257
296 1
297 287
298 153
299 208
299 202
299 170
299 35
299 57
299 73
300 115
300 160
300 253
300 247
301 222
302 286
303 118
303 51
303 224
304 12
304 105
304 6
304 82
305 169
306 251
307 289
308 134
309 120
310 257
311 116
312 54
313 42
313 150
314 308
314 134
315 272
316 144
317 308
318 188
318 6
318 105
319 145
319 135
319 13
319 41
319 12
319 115
320 124
320 7
320 39
321 64
321 72
321 287
322 180
323 220
324 210
325 46
326 205
327 116
327 74
327 243
328 197
329 111
330 263
331 194
332 220
333 88
334 224
335 288
335 252
336 7
337 29
338 233
339 162
340 295
340 118
341 195
342 337
343 336
344 25
345 130
346 33
346 44
347 105
348 12
349 26
350 13
351 208
351 202
351 299
352 122
353 277
354 309
355 218
356 328
356 197
357 288
358 322
358 180
359 124
360 69
360 34
360 87
361 162
361 189
362 298
363 161
364 266
365 298
366 129
367 193
368 62
369 222
370 54
371 164
372 25
372 99
373 138
374 367
375 233
376 72
377 347
378 306
379 193
379 68
380 93
380 39
380 136
380 212
381 10
382 86
383 143
384 364
385 307
386 306
387 43
387 68
387 74
387 243
387 116
388 277
389 278
390 109
391 53
392 106
393 148
394 331
395 297
396 6
397 348
398 270
399 115
399 13
399 41
399 151
400 0
401 369
402 181
403 194
404 257
404 48
404 295
404 310
405 169
405 190
406 7
407 32
408 211
409 338
409 233
409 45
410 17
410 1
411 88
412 259
412 60
413 246
414 383
415 140
416 322
416 180
417 210
418 402
419 391
420 256
421 86
422 310
423 371
424 330
424 263
425 379
425 193
426 195
427 73
428 284
429 368
430 53
431 261
432 348
433 356
433 328
434 110
435 144
436 133
436 172
437 362
438 99
439 395
440 314
441 384
441 364
441 266
442 434
443 362
444 53
445 149
446 137
447 369
448 295
449 87
450 356
451 117
452 171
453 24
454 419
454 391
455 196
455 39
456 93
456 39
456 136
457 105
458 148
459 332
460 363
461 163
461 186
462 198
463 18
464 369
464 447
465 114
466 403
466 194
467 231
468 105
469 97
469 164
470 5
470 14
470 30
470 55
470 278
471 303
472 406
473 449
474 416
475 73
476 211
477 102
478 366
479 94
479 44
480 88
480 333
481 404
482 263
482 246
482 330
482 424
482 230
482 260
482 413
483 299
484 162
485 235
486 74
487 207
488 363
488 460
489 213
490 428
491 95
492 486
492 74
493 11
494 76
495 148
495 3
495 393
496 134
497 435
498 287
499 334
500 454
500 391
500 53
501 300
502 485
503 251
504 190
505 174
506 407
507 199
508 204
509 469
509 97
510 469
511 6
512 129
513 186
514 263
515 379
516 457
516 105
517 92
518 50
519 294
520 436
521 439
522 273
522 5
523 505
523 174
524 418
524 402
525 439
526 70
527 455
528 398
529 442
529 434
529 110
530 335
530 288
530 357
531 295
532 399
533 418
533 524
534 425
535 412
535 60
535 259
535 141
536 105
537 252
538 119
539 242
539 32
540 163
540 231
541 204
542 450
543 368
543 62
543 53
544 144
545 166
546 303
547 241
548 410
549 448
550 204
551 546
552 85
553 121
554 10
555 381
556 164
557 230
558 404
559 353
560 271
561 555
561 381
562 292
563 423
564 463
565 148
566 249
567 51
568 86
568 134
569 292
570 145
571 135
572 64
573 417
574 349
575 542
576 131
577 239
578 185
579 227
580 321
581 21
582 443
583 312
584 146
585 73
585 170
585 299
586 253
587 586
588 464
589 217
590 15
591 226
591 71
592 395
593 174
594 67
594 218
594 355
595 398
595 270
596 523
597 137
598 471
599 245
600 552
601 141
602 587
602 586
602 253
603 114
604 201
605 321
606 427
606 73
606 35
607 520
608 8
608 268
609 101
609 70
609 147
610 565
611 35
612 1
612 296
613 222
614 103
615 346
616 401
616 369
617 484
617 162
617 189
617 361
617 38
617 64
617 72
618 154
619 393
619 495
620 102
620 10
620 84
621 354
621 309
622 233
623 4
623 28
623 152
623 211
623 408
623 476
624 113
624 76
625 157
626 494
627 362
628 125
629 210
630 456
631 239
632 16
632 5
632 19
632 282
633 59
634 393
635 379
635 425
636 156
637 558
638 61
639 446
640 328
641 546
642 197
643 78
644 358
644 322
645 339
646 641
647 469
648 88
648 183
649 203
650 634
651 205
652 306
653 240
654 347
655 577
655 239
655 631
656 297
657 200
658 387
659 323
660 50
661 192
662 190
663 516
664 7
664 2
665 418
666 142
667 258
668 653
669 275
670 39
670 455
671 479
672 76
673 106
673 76
673 18
673 269
673 2
673 3
673 80
673 664
673 32
673 539
674 216
675 571
676 649
676 203
677 509
677 97
677 469
677 270
677 647
678 113
679 468
679 105
680 160
681 69
682 197
683 488
684 520
684 436
685 473
686 33
687 28
687 216
687 674
688 102
689 454
690 344
691 576
692 113
693 456
694 673
695 407
696 488
697 131
697 2
697 576
697 23
697 26
698 398
698 270
698 528
698 595
698 97
698 677
699 450
699 542
700 397
701 35
702 169
703 2
704 504
705 182
706 49
707 195
708 551
709 284
710 531
711 98
712 26
713 609
713 101
713 147
714 443
715 651
715 205
716 1
716 40
716 612
716 250
717 116
717 74
717 117
717 311
717 327
717 387
717 142
717 241
717 547
718 477
719 283
720 635
721 28
721 216
722 639
723 611
724 352
725 630
725 456
726 177
727 405
728 239
729 560
730 36
731 718
732 448
733 405
734 617
734 38
735 107
736 70
737 484
738 675
739 173
740 140
741 23
742 496
743 46
744 248
744 206
745 427
746 354
747 722
748 712
748 26
749 384
750 494
750 76
750 626
751 670
752 400
753 0
754 688
755 171
755 285
756 476
757 511
758 232
758 250
759 572
760 282
761 405
761 727
762 290
763 122
764 447
764 369
764 464
764 616
764 588
765 365
765 298
766 320
767 298
767 362
767 765
767 443
768 40
769 619
769 393
770 14
771 37
772 96
773 130
774 479
775 656
776 435
776 497
777 18
778 96
779 197
780 395
781 129
782 108
783 771
784 242
784 32
785 125
786 771
787 136
787 456
787 693
788 727
789 32
790 702
791 56
791 185
792 785
793 91
794 97
794 149
794 215
795 59
796 539
796 32
797 513
797 186
798 347
798 377
799 679
800 34
800 6
800 233
800 188
801 196
802 274
803 14
803 5
803 43
803 66
803 207
804 429
805 45
806 786
806 771
807 550
808 186
809 202
810 577
811 562
811 292
812 331
813 743
814 0
814 400
815 545
815 166
816 217
817 790
818 644
819 136
820 8
821 214
822 808
823 448
824 41
825 783
826 43
826 74
827 305
828 532
829 686
830 468
831 739
831 173
832 417
833 634
834 639
835 431
836 394
837 199
838 549
839 434
839 529
840 710
841 630
842 284
843 335
844 294
845 728
846 660
847 827
848 166
849 668
850 848
850 166
851 571
852 183
853 835
854 122
855 575
856 405
856 190
856 733
856 761
857 525
858 746
859 12
859 105
860 566
860 249
861 492
862 164
863 254
863 85
864 14
865 655
866 542
867 214
868 552
868 85
868 600
868 83
869 763
870 534
870 425
871 549
872 686
873 862
874 699
875 556
876 31
877 726
878 805
879 140
880 843
880 335
880 530
880 288
880 357
880 215
881 195
882 717
882 387
883 483
884 546
884 303
884 224
885 141
886 244
887 673
888 221
889 634
890 76
891 54
892 212
892 221
892 380
893 219
894 434
895 856
896 765
897 15
898 392
899 423
899 563
900 159
901 645
901 339
902 896
903 753
904 844
904 294
905 896
906 837
907 245
908 702
909 258
910 854
911 582
911 443
912 386
913 379
913 425
914 138
915 160
916 842
917 646
918 95
919 85
920 47
921 62
921 543
922 376
922 72
923 765
924 663
924 516
925 435
926 454
927 326
928 214
929 401
930 277
931 287
932 721
933 725
933 630
934 396
935 291
935 81
935 139
936 498
936 287
937 933
938 344
938 25
938 690
939 6
939 318
939 188
940 925
940 435
940 144
941 77
942 543
943 925
943 435
944 462
945 205
946 80
947 121
948 651
949 578
949 185
950 166
951 515
952 284
953 298
953 765
954 88
955 515
956 517
957 758
958 656
958 297
958 775
959 480
960 216
961 362
962 616
963 83
964 149
965 313
966 746
967 589
968 778
969 236
970 806
971 846
972 241
973 825
974 633
975 961
976 159
976 900
977 268
978 832
979 283
980 141
981 853
981 835
982 108
983 677
983 270
983 647
983 469
983 509
984 399
985 963
986 812
987 606
988 520
989 326
990 239
990 655
991 125
992 16
993 454
994 118
994 293
995 910
995 854
995 122
996 54
997 748
998 469
999 186
1000 770
1001 420
1002 985
1002 963
1002 83
1003 573
1004 554
1005 931
1005 287
1005 321
1006 819
1006 136
1007 799
1008 531
1009 902
1010 191
1011 330
1012 30
1013 702
1014 757
1014 511
1014 6
1014 50
1015 864
1015 14
1016 20
1017 826
1017 74
1018 146
1018 38
1019 579
1020 206
1021 856
1021 190
1021 895
1022 496
1023 751
1024 504
1025 496
1026 237
1027 137
1027 87
1028 1018
1028 38
1029 839
1029 434
1030 483
1031 816
1031 217
1032 219
1033 628
1033 125
1034 215
1035 326
1036 570
1036 145
1037 839
1038 869
1039 212
1040 291
1040 81
1040 139
1040 935
1041 827
1041 305
1041 847
1042 821
1043 766
1044 359
1045 285
1046 763
1047 419
1047 391
1047 454
1048 94
1048 44
1048 479
1049 16
1050 467
1051 389
1052 227
1053 650
1054 631
1055 309
1056 425
1057 516
1057 105
1057 663
1057 924
1058 986
1059 516
1060 76
1061 879
1062 38
1063 905
1063 896
1064 363
1064 161
1064 460
1064 488
1064 99
1065 968
1066 147
1066 201
1066 280
1067 463
1068 196
1069 79
1070 659
1071 873
1071 862
1071 164
1071 371
1071 423
1072 41
1073 57
1074 370
1075 599
1075 245
1075 907
1076 942
1077 874
1077 699
1078 851
1079 841
1080 162
1080 339
1081 568
1081 86
1081 134
1082 390
1083 672
1084 660
1085 1072
1086 64
1087 1053
1088 458
1088 148
1089 10
1089 554
1090 744
1091 556
1092 732
1093 234
1094 746
1095 856
1096 562
1096 292
1097 925
1098 941
1098 77
1099 813
1099 743
1100 67
1101 435
1102 264
1103 1094
1104 1035
1105 128
1106 397
1106 348
1106 700
1107 1016
1108 9
1109 68
1109 67
1109 193
1109 379
1109 425
1110 239
1111 1080
1111 162
1112 786
1113 117
1113 116
1114 635
1115 595
1116 62
1117 272
1118 510
1119 102
1120 316
1121 532
1122 658
1122 387
1122 116
1122 1113
1123 495
1123 393
1124 162
1125 63
1126 880
1126 215
1127 147
1128 1033
1129 432
1129 348
1130 946
1131 929
1132 1000
1133 274
1134 880
1135 414
1136 475
1137 1002
1138 883
1139 851
1140 1046
1140 763
1141 745
1141 427
1142 614
1142 103
1143 752
1144 1116
1145 505
1146 1115
1147 885
1148 933
1149 1083
1150 1018
1151 324
1151 210
1152 958
1153 678
1154 623
1155 41
1155 13
1155 824
1156 190
1157 506
1157 407
1157 32
1158 952
1159 530
1159 880
1160 908
1161 346
1162 187
1163 980
1164 385
1164 307
1165 591
1166 38
1167 540
1167 231
1168 297
1168 287
1168 656
1169 787
1169 456
1170 340
1171 102
1172 441
1173 946
1173 80
1174 180
1174 358
1174 416
1175 1078
1176 852
1177 686
1177 872
1178 865
1179 255
1179 53
1180 892
1181 8
1182 7
1183 380
1184 34
1185 633
1186 648
1187 1057
1188 474
1189 930
1189 277
1189 169
1189 353
1189 388
1189 405
1190 484
1191 1160
1192 737
1192 484
1193 763
1194 227
1195 1047
1195 419
1195 454
1196 1089
1196 10
1197 1161
1198 415
1199 469
1200 791
1200 56
1200 185
1201 311
1201 717
1201 327
1202 1116
1203 1181
1204 709
1205 417
1206 935
1207 458
1208 903
1209 713
1210 808
1211 693
1211 456
1211 787
1212 411
1213 222
1213 301
1214 763
1215 738
1216 845
1216 728
1216 239
1217 913
1218 42
1219 1125
1220 754
1221 653
1222 386
1222 306
1222 912
1223 693
1224 56
1225 930
1226 1083
1226 672
1227 1194
1228 215
1229 1226
1229 1083
1230 465
1231 683
1232 696
1232 488
1233 829
1234 18
1235 212
1236 729
1236 560
1237 340
1238 850
1238 848
1239 715
1240 1058
1241 172
1242 850
1243 754
1244 851
1245 116
1246 50
1246 6
1246 518
1247 823
1248 30
1249 58
1249 173
1250 420
1251 257
1252 1162
1253 1075
1254 164
1255 160
1256 1205
1257 378
1257 306
1258 408
1259 28
1260 523
1261 371
1262 946
1263 1061
1264 426
1265 317
1266 88
1267 1078
1268 139
1269 308
1270 1131
1271 14
1272 974
1273 259
1274 1249
1275 932
1276 700
1277 1130
1278 573
1279 598
1280 514
1281 1028
1282 1145
1283 66
1284 854
1285 338
1286 973
1287 310
1288 291
1289 1185
1290 843
1291 963
1292 690
1293 507
1293 199
1294 471
1295 950
1296 1290
1297 309
1297 1055
1298 92
1298 517
1298 956
1299 462
1300 1061
1300 1263
1301 1111
1302 583
1303 744
1303 206
1304 286
1305 1242
1305 850
1306 938
1307 790
1308 528
1309 767
1309 362
1310 1123
1311 706
1312 224
1313 1283
1314 795
1315 1296
1316 990
1317 372
1318 200
1318 45
1319 982
1320 311
1321 899
1322 107
1323 618
1324 1223
1325 1297
1326 843
1327 545
1328 366
1329 837
1330 275
1330 669
1331 702
1332 994
1333 703
1334 897
1335 1261
1336 926
1337 978
1338 1170
1339 72
1340 782
1341 1059
1342 1140
1343 368
1344 680
1345 1090
1345 744
1346 535
1347 34
1348 444
1349 637
1350 360
1351 198
1352 1261
1353 634
1354 683
1355 1168
1355 297
1356 1236
1356 560
1356 729
1356 271
1357 524
1358 525
1359 1226
1360 947
1361 1035
1362 57
1363 597
1364 871
1365 750
1366 1362
1367 37
1368 659
1369 321
1370 761
1370 856
1371 678
1372 1356
1373 1020
1373 206
1374 341
1375 257
1376 512
1377 199
1377 290
1377 837
1377 90
1378 148
1379 17
1380 173
1381 1121
1382 343
1383 258
1383 102
1384 1121
1385 1239
1386 1360
1387 1095
1388 234
1389 845
1390 503
1391 1041
1392 167
1392 122
1393 1006
1393 136
1394 868
1395 1154
1395 623
1395 408
1396 780
1397 1295
1398 66
1399 1209
1399 713
