1 0
2 1
3 2
4 0
5 2
5 3
6 3
7 6
7 3
8 3
8 5
9 5
10 5
10 3
10 9
10 2
11 5
12 6
13 0
14 11
14 5
15 9
16 9
17 16
17 9
18 13
19 8
19 5
20 10
21 4
22 17
22 16
23 19
24 13
25 16
26 16
27 26
27 16
28 3
29 15
30 13
31 3
32 11
32 5
32 14
33 1
34 12
35 16
36 9
37 17
37 16
38 3
38 6
38 8
39 31
40 30
41 2
42 8
43 6
44 2
45 33
45 1
46 22
47 5
48 35
49 42
49 8
50 26
51 35
52 41
53 26
54 9
54 5
54 16
55 33
55 1
56 36
56 9
57 54
58 6
59 21
59 4
60 41
61 21
62 22
63 9
64 2
65 41
65 2
66 0
67 6
68 14
69 19
69 8
70 33
71 8
72 3
73 40
74 69
75 36
76 65
76 41
76 2
76 44
77 5
78 25
79 36
80 77
80 5
81 33
82 13
83 1
84 28
84 3
85 38
86 64
87 0
88 38
89 66
90 31
91 74
91 69
91 19
91 23
92 25
93 64
93 2
94 78
95 80
96 51
97 24
98 50
98 26
99 53
99 26
99 50
99 98
100 21
101 77
101 5
102 52
102 41
103 95
103 80
103 5
103 77
104 103
104 80
105 78
106 46
107 106
108 18
109 62
110 29
111 104
112 3
113 112
114 86
115 15
116 40
117 109
118 101
119 67
119 6
120 74
121 43
121 6
122 20
123 69
124 6
124 38
124 3
125 17
126 42
127 52
128 71
128 8
129 30
129 40
130 42
131 76
131 2
132 26
132 98
132 50
133 31
133 39
134 95
134 80
135 23
136 114
137 97
137 24
138 39
139 50
139 26
139 99
139 53
140 94
141 21
142 107
143 101
144 123
144 69
144 8
145 95
146 7
147 49
148 79
149 15
149 115
150 37
151 77
152 151
153 16
154 9
154 17
155 125
156 20
157 79
158 20
159 105
160 122
161 89
162 43
162 121
162 6
162 12
163 71
164 47
165 94
165 78
165 140
166 127
166 52
166 41
166 102
167 40
168 72
169 56
170 94
170 165
170 78
171 120
172 34
172 12
173 164
173 47
173 5
174 106
175 162
176 78
176 105
177 62
178 150
179 153
180 46
181 55
181 1
181 45
181 33
181 70
182 31
183 150
184 179
185 162
186 14
187 87
188 148
189 184
190 14
191 106
192 89
193 183
193 150
193 178
194 45
195 83
196 19
197 12
198 2
198 3
198 44
199 128
199 8
199 71
199 163
200 123
200 144
201 32
201 5
201 54
201 57
202 145
203 163
203 71
204 88
205 45
206 83
207 118
207 101
208 122
208 20
209 40
210 174
211 150
212 92
213 100
213 21
214 66
215 9
216 125
217 138
218 208
219 160
220 82
221 70
222 105
223 205
224 53
225 212
226 62
226 109
227 199
227 8
228 169
229 96
230 178
231 214
232 52
232 127
232 166
233 78
234 221
235 22
235 16
236 222
237 166
238 236
239 31
240 78
240 25
240 165
240 16
240 140
241 187
241 87
242 3
243 194
244 237
245 0
245 66
245 89
245 214
245 161
246 161
247 36
248 222
249 58
250 179
251 16
252 9
253 192
254 13
255 218
256 177
257 116
258 39
258 133
259 100
260 61
261 19
261 5
262 153
263 182
263 31
264 26
264 50
264 98
265 252
266 190
267 150
268 233
269 14
270 152
270 151
271 81
272 4
273 68
274 97
275 9
276 274
277 236
278 23
278 19
279 100
280 36
281 50
282 212
283 226
284 231
284 214
285 150
286 67
287 24
288 181
288 55
289 21
289 100
290 228
291 40
291 116
292 8
293 251
294 106
295 274
296 109
296 117
297 52
297 127
298 13
299 156
300 51
301 33
302 54
303 75
303 36
303 247
304 288
305 31
305 133
305 263
306 166
306 41
307 2
308 77
308 80
309 251
310 210
311 30
312 110
313 116
314 175
315 15
316 220
317 178
317 193
318 274
319 51
320 291
320 40
320 30
321 59
321 4
321 21
321 141
322 227
322 8
323 181
324 286
324 67
325 245
326 200
327 218
328 42
328 130
329 320
330 205
331 19
332 215
332 9
332 275
333 163
333 203
334 58
335 305
336 35
337 149
338 129
339 110
340 292
341 321
342 91
343 311
344 82
345 210
346 146
346 7
346 6
347 193
348 330
349 52
350 348
351 221
352 163
352 203
353 123
354 196
354 19
355 35
355 48
356 70
356 33
356 181
356 221
356 45
356 55
356 234
356 351
357 72
358 238
359 95
359 80
360 91
361 110
362 95
363 1
364 324
364 286
365 61
366 237
367 316
367 220
367 82
368 104
369 366
370 224
370 53
371 138
372 207
372 101
372 118
373 9
374 87
374 0
375 231
376 167
377 274
378 248
379 346
380 127
381 366
382 101
383 349
384 127
385 191
386 235
387 202
388 300
389 375
389 231
389 284
390 60
391 292
392 140
392 94
393 276
393 274
393 295
394 58
395 115
396 327
397 245
398 69
398 8
398 74
399 281
400 207
401 238
402 377
402 274
403 109
403 62
404 1
405 247
406 191
407 291
407 116
407 40
407 167
408 238
408 358
409 291
410 352
410 163
411 137
412 305
413 188
413 148
414 215
415 36
416 406
417 8
418 159
419 120
419 171
420 343
421 90
422 378
423 234
423 356
423 70
423 221
424 276
424 274
424 393
425 355
425 35
425 48
425 336
426 27
427 98
428 332
429 219
430 227
430 8
430 199
430 128
430 163
430 71
430 203
431 375
432 202
433 221
434 39
435 387
436 159
436 418
437 65
438 264
439 344
439 82
440 416
441 374
442 142
443 121
444 165
445 257
446 142
446 107
447 329
448 117
449 427
450 130
451 400
451 207
452 208
452 20
452 122
452 218
453 328
454 306
454 41
454 166
454 52
455 371
456 31
457 84
458 92
459 166
459 127
459 237
459 380
460 223
460 205
461 433
462 278
463 169
464 325
465 402
466 445
467 344
468 182
469 157
470 116
471 215
471 9
472 205
472 330
473 380
474 365
475 238
475 236
476 31
477 345
478 144
479 52
480 120
480 74
480 171
481 28
482 191
482 106
483 119
484 266
485 386
485 235
486 67
487 292
488 396
489 478
489 144
490 316
491 342
492 329
492 447
493 242
493 3
493 10
493 84
494 33
495 39
496 460
496 223
497 233
498 62
499 232
499 52
500 439
501 3
502 25
502 16
503 87
504 88
505 232
506 404
506 1
507 43
507 6
507 121
507 162
507 67
507 12
507 175
507 324
507 34
507 172
507 197
508 435
509 21
510 76
511 279
511 100
512 99
512 50
513 226
514 60
515 57
516 503
517 331
518 220
519 192
520 199
521 195
521 83
522 211
523 428
524 377
524 274
525 413
526 456
526 31
526 182
526 263
527 484
528 240
529 489
530 214
530 66
530 245
531 138
532 427
533 137
534 347
534 193
535 146
535 7
535 346
535 379
536 124
537 514
537 60
538 531
539 179
540 109
541 430
542 540
543 433
544 527
545 108
545 18
546 25
547 219
547 160
548 469
549 146
549 535
549 346
549 379
549 6
550 422
550 378
551 416
552 69
552 74
553 274
554 193
555 427
556 65
557 151
558 66
559 179
559 184
560 97
560 24
560 137
561 70
561 33
561 181
561 221
561 433
562 503
562 516
563 449
564 261
565 248
566 64
567 182
568 342
569 234
569 423
569 221
570 229
571 51
572 280
573 446
573 107
573 142
573 442
574 178
575 342
575 491
576 121
577 196
578 303
578 75
578 247
578 36
579 341
580 143
581 513
582 482
582 106
582 191
582 107
582 142
583 400
584 457
585 25
585 16
585 240
585 502
586 273
586 68
587 488
588 440
589 26
590 523
590 428
591 420
592 329
593 241
594 112
595 481
596 357
597 19
598 537
599 181
600 313
601 506
602 154
603 549
604 547
605 528
606 467
607 94
608 408
608 238
608 358
609 222
610 286
610 67
610 324
610 119
611 526
612 604
613 260
614 200
615 211
616 147
616 49
617 90
618 424
618 274
618 276
618 393
619 187
620 63
621 434
622 180
623 361
623 110
624 573
625 184
626 218
627 366
627 237
628 586
629 351
630 90
631 79
631 157
632 82
632 220
632 344
633 263
633 305
634 113
635 488
636 364
637 543
637 433
638 355
639 71
640 441
641 480
641 171
642 390
642 60
642 41
643 164
643 47
644 301
645 348
645 330
645 205
646 515
646 57
647 420
648 563
649 394
650 353
651 49
652 75
653 382
654 42
655 310
656 281
656 50
656 399
657 285
657 150
657 183
658 205
659 441
659 374
659 640
660 599
660 181
660 323
661 61
662 227
663 102
664 21
665 228
666 350
667 294
668 623
669 194
670 388
671 349
672 489
672 144
672 478
672 529
672 200
673 608
674 566
675 431
676 247
677 469
678 240
679 524
680 416
680 551
681 525
682 582
683 303
684 80
685 501
686 2
686 93
686 64
687 569
688 516
689 480
690 632
690 82
691 113
692 119
693 375
694 510
695 230
696 73
696 40
697 453
698 571
699 422
700 472
701 557
702 372
703 649
703 394
704 265
705 502
705 16
706 228
707 253
707 192
708 324
709 86
710 360
710 91
711 315
712 638
713 196
714 376
715 342
716 563
717 361
717 623
718 141
719 292
720 358
721 99
721 50
722 561
723 221
724 97
725 544
726 503
726 516
726 562
727 572
727 280
728 579
728 341
728 321
729 225
730 401
731 76
732 599
733 619
734 298
734 13
735 336
736 584
736 457
737 290
738 530
738 66
738 558
739 644
740 255
741 336
742 219
743 513
743 226
743 62
744 637
745 243
746 662
746 227
746 322
746 8
747 300
748 695
748 230
748 178
748 574
749 432
750 305
750 412
751 381
752 175
753 333
754 372
755 614
756 308
757 745
758 623
759 138
759 39
759 31
760 740
760 255
760 218
761 722
762 564
763 414
764 238
765 443
766 363
767 288
768 184
768 189
769 204
769 88
770 456
771 391
772 439
773 562
774 158
774 20
774 208
775 583
776 341
777 368
777 104
777 111
778 671
779 84
779 457
780 112
781 179
781 250
782 520
783 476
784 498
785 19
786 533
787 238
788 246
789 365
790 494
791 98
792 163
793 20
794 160
795 366
795 369
795 381
796 394
797 219
798 291
798 407
799 336
800 338
801 67
802 563
803 387
803 435
804 545
805 427
806 628
807 488
807 396
807 327
808 41
809 329
810 563
811 370
812 293
812 251
813 245
814 646
814 57
815 266
816 142
817 326
818 426
818 27
819 336
820 597
821 631
822 783
823 727
824 481
825 185
825 162
826 140
827 187
828 392
828 140
829 135
830 329
830 320
830 592
830 30
830 291
830 13
830 311
830 298
831 525
832 635
832 488
833 794
834 520
835 187
835 87
835 503
836 630
837 330
837 472
838 75
839 462
840 115
840 15
841 185
842 460
843 201
844 742
845 733
846 146
847 792
848 248
849 510
850 201
850 57
850 843
851 411
852 318
852 274
853 708
853 324
854 75
855 88
856 659
857 850
858 380
859 420
860 429
860 219
861 768
862 116
863 400
864 3
865 310
865 210
866 240
867 703
867 649
868 710
869 542
870 487
871 408
872 279
873 677
874 498
875 242
875 3
875 493
875 5
875 10
875 8
875 2
876 743
877 464
878 185
879 809
879 329
880 183
880 193
881 346
882 365
883 865
884 551
884 680
885 235
886 746
886 322
887 426
887 818
888 235
888 485
888 386
889 857
890 581
890 513
891 199
892 786
893 508
894 151
894 270
895 776
896 573
896 446
897 378
898 577
898 196
899 180
900 300
900 51
900 747
900 35
901 653
902 772
902 439
902 82
903 630
904 886
905 135
905 23
906 76
907 656
907 399
908 711
908 315
909 514
909 60
910 848
910 248
911 414
912 528
913 441
914 337
915 483
916 38
917 170
918 111
918 104
918 777
919 364
920 166
921 22
922 504
922 88
923 679
924 807
925 578
925 36
925 75
926 588
926 440
927 488
928 212
929 704
929 265
930 124
931 688
932 561
933 293
934 813
934 245
935 452
936 636
937 421
938 827
939 795
940 517
941 855
942 439
942 82
942 772
942 902
942 632
943 710
944 543
945 930
945 124
945 6
946 705
947 744
947 637
948 845
949 596
950 190
951 752
952 406
952 191
952 416
953 321
954 593
955 840
956 799
957 549
958 186
959 554
960 925
961 847
961 792
961 163
962 505
962 232
963 632
963 82
963 220
963 316
963 367
963 518
963 490
964 225
964 212
964 92
965 434
966 418
966 159
966 436
967 454
968 595
969 275
970 281
971 756
972 260
973 521
974 616
975 163
975 430
976 678
976 240
977 755
978 460
979 79
980 564
980 261
980 5
980 80
981 373
981 9
981 252
982 514
983 149
984 73
985 428
986 468
987 585
988 500
989 760
990 654
991 776
992 536
993 5
994 673
994 608
995 712
996 812
996 251
996 16
996 293
996 309
997 551
997 416
998 137
999 675
999 431
1000 158
1001 769
1002 969
1002 275
1003 111
1004 373
1005 358
1006 978
1006 460
1007 985
1008 248
1009 585
1010 947
1011 312
1012 708
1013 690
1014 97
1014 137
1015 335
1016 47
1017 207
1017 118
1018 253
1019 197
1020 54
1020 5
1020 10
1021 353
1021 650
1022 243
1023 961
1024 235
1025 196
1025 354
1025 19
1026 32
1027 503
1027 87
1028 80
1028 104
1029 605
1030 344
1031 46
1032 251
1032 293
1032 996
1033 920
1033 166
1034 362
1035 100
1036 850
1037 352
1038 998
1038 137
1039 431
1039 675
1039 999
1040 183
1041 999
1042 162
1042 12
1042 507
1043 811
1044 422
1045 583
1046 113
1047 57
1047 814
1048 143
1049 377
1050 614
1051 450
1052 724
1053 1013
1053 690
1053 82
1053 439
1054 289
1054 100
1055 936
1056 350
1056 348
1057 27
1057 26
1058 8
1059 227
1060 556
1061 599
1061 732
1062 812
1062 251
1062 996
1062 293
1063 1016
1064 597
1065 701
1066 702
1066 372
1066 207
1067 473
1068 118
1068 101
1069 521
1069 83
1069 195
1069 206
1070 370
1071 742
1071 219
1071 844
1072 794
1072 160
1072 833
1073 458
1074 898
1075 131
1076 204
1076 769
1077 535
1078 401
1078 730
1079 133
1080 663
1081 766
1082 676
1083 828
1083 140
1083 94
1084 768
1085 99
1086 75
1087 352
1088 1044
1089 231
1090 212
1091 558
1092 1062
1093 780
1094 161
1095 137
1096 558
1097 92
1098 500
1099 505
1099 232
1099 962
1100 587
1101 289
1102 558
1102 1091
1103 183
1103 880
1104 277
1105 925
1106 969
1106 1002
1107 767
1107 288
1107 181
1108 313
1109 823
1110 1107
1111 1051
1112 799
1113 661
1113 61
1114 974
1115 440
1115 588
1115 926
1116 939
1117 224
1118 1111
1119 945
1120 27
1121 898
1122 1105
1123 1008
1124 422
1125 466
1126 950
1127 722
1127 761
1128 1117
1129 514
1129 60
1129 982
1130 943
1131 19
1131 597
1132 699
1133 649
1134 248
1135 833
1135 1072
1136 800
1137 146
1137 7
1138 602
1138 154
1139 606
1140 484
1141 867
1142 760
1143 103
1144 1123
1145 652
1146 305
1147 276
1148 222
1148 248
1149 522
1150 872
1151 177
1151 62
1151 743
1152 83
1153 183
1154 412
1155 73
1156 631
1157 148
1158 208
1159 212
1160 204
1161 253
1162 423
1163 252
1164 303
1165 729
1165 225
1165 212
1166 949
1167 657
1168 764
1169 45
1170 418
1171 323
1172 1030
1173 144
1174 362
1175 794
1175 833
1176 150
1176 183
1176 267
1177 629
1178 551
1179 330
1179 348
1180 213
1181 153
1181 16
1182 1004
1182 373
1182 981
1183 159
1184 1026
1185 201
1186 596
1187 9
1188 592
1189 1051
1189 1111
1190 961
1190 1023
1191 956
1192 225
1193 1105
1194 393
1195 636
1195 936
1195 1055
1196 832
1197 317
1197 193
1197 347
1198 113
1198 691
1199 1166
1200 144
1200 69
1201 1000
1202 70
1203 1164
1203 303
1204 914
1204 337
1204 149
1205 1115
1206 596
1207 315
1208 942
1208 902
1209 70
1210 907
1211 860
1212 664
1213 856
1213 659
1214 768
1215 272
1215 4
1215 59
1216 75
1217 1089
1217 231
1218 241
1219 1202
1219 70
1220 255
1221 913
1222 581
1223 955
1224 1156
1225 942
1226 751
1227 358
1227 238
1227 1005
1228 881
1228 346
1229 1151
1229 62
1230 68
1231 1133
1232 48
1233 513
1234 977
1234 755
1235 759
1236 25
1236 585
1237 756
1238 687
1238 569
1239 1106
1240 1206
1241 1079
1242 802
1243 1164
1243 1203
1244 1124
1244 422
1245 1157
1245 148
1245 79
1245 188
1245 413
1246 865
1247 797
1248 930
1249 146
1250 913
1251 1070
1252 751
1253 441
1254 127
1255 194
1256 336
1257 639
1258 228
1259 634
1259 113
1260 1066
1261 351
1262 643
1263 1086
1263 75
1263 578
1263 652
1263 1145
1264 1016
1265 1003
1266 1155
1267 1105
1268 1259
1269 515
1269 57
1269 646
1270 670
1271 255
1272 838
1273 746
1273 227
1273 322
1274 451
1275 825
1276 1156
1276 1224
1277 1044
1278 430
1279 1047
1280 1001
1280 769
1281 1273
1281 322
1281 746
1282 56
1283 226
1284 183
1285 34
1285 172
1286 725
1287 673
1288 624
1288 573
1289 1095
1290 508
1291 701
1292 1026
1292 1184
1293 1207
1294 1253
1295 237
1296 1121
1297 1264
1298 142
1299 1149
1299 522
1299 211
1300 581
1301 1230
1302 901
1303 691
1304 468
1305 1244
1305 1124
1306 615
1307 143
1308 671
1309 150
1310 1276
1311 539
1312 556
1313 555
1314 374
1315 400
1315 451
1316 882
1316 365
1316 474
1317 322
1317 746
1317 1281
1318 1023
1319 789
1320 307
1321 346
1322 499
1323 372
1323 754
1324 1117
1325 1266
1325 1155
1326 523
1327 714
1328 810
1328 563
1328 802
1329 1281
1330 1328
1331 988
1331 500
1332 521
1333 608
1334 334
1335 1
1336 1005
1337 1205
1338 353
1339 475
1340 27
1340 818
1341 573
1342 1139
1343 602
1343 1138
1344 190
1344 14
1344 266
1344 950
1345 167
1346 176
1347 1014
1348 865
1348 210
1348 345
1348 477
1349 317
1350 35
1351 376
1352 193
1353 829
1353 135
1354 1055
1355 406
1355 416
1356 414
1357 106
1358 1071
1359 293
1360 715
1361 334
1362 966
1363 553
1364 523
1364 590
1365 964
1366 661
1367 817
1368 438
1368 264
1369 361
1370 1141
1371 437
1372 1166
1373 316
1374 1036
1374 850
1375 628
1376 268
1376 233
1376 497
1377 616
1377 974
1377 1114
1378 440
1379 511
1380 490
1380 316
1380 963
1381 83
1382 887
1383 1202
1384 828
1385 344
1386 1288
1387 611
1387 526
1388 131
1389 323
1390 76
1391 659
1392 240
1393 699
1394 1126
1395 1230
1395 1301
1396 276
1397 305
1398 1341
1399 485
1399 386
1399 888
1399 235
1400 70
1400 33
1400 561
1400 1202
1401 193
1402 556
1403 1087
1403 352
1404 264
1404 98
1404 1368
1404 132
1405 886
1406 1324
1407 367
1408 910
1409 905
1410 795
1411 174
1412 397
1412 245
1413 926
1414 405
1415 1176
1416 1163
1417 1121
1418 288
1419 1157
1420 7
1421 968
1422 600
1423 242
1424 298
1425 948
1425 845
1426 268
1426 1376
1427 131
1428 1311
1428 539
1429 460
1430 946
1431 382
1432 742
1433 583
1433 775
1434 443
1434 765
1435 1096
1436 810
1436 1328
1437 566
1438 581
1439 735
1440 129
1440 30
1440 13
1441 229
1441 96
1441 570
1441 51
1442 895
1442 776
1443 468
1444 1018
1444 253
1445 1265
1445 1003
1446 1109
1446 823
1447 678
1448 873
1449 312
1449 110
1449 1011
1450 947
1450 744
1451 143
1452 1287
1453 789
1454 437
1455 246
1456 1091
1456 558
1457 616
1458 1266
1458 1325
1458 1155
1458 73
1459 910
1459 248
1460 974
1460 1377
1461 229
1462 536
1462 124
1462 3
1463 1338
1464 1282
1465 1187
1466 461
1467 244
1468 199
1468 163
1469 1016
1470 875
1471 250
1472 1055
1473 1447
1474 592
1475 77
1475 80
1475 101
1476 306
1476 166
1477 1399
1478 1294
1479 450
1479 1051
1480 972
1481 719
1481 292
1482 307
1483 76
1484 1379
1485 1031
1486 410
1487 3
1488 438
1489 1112
1490 610
1490 324
1490 364
1490 708
1490 1012
1491 155
1492 926
1493 448
1494 758
1495 1121
1495 1296
1496 1480
1497 988
1497 500
1497 1331
1498 661
1499 1368
1500 1034
1501 467
1502 1158
1503 922
1504 572
1505 1048
1505 143
1506 1317
1507 24
1508 1181
1508 16
1508 26
1508 585
1508 589
1508 25
1508 1009
1508 546
1509 178
1509 317
1509 574
1510 20
1511 886
1512 841
1513 759
1514 71
1515 1385
1515 344
1515 632
1516 606
1517 517
1518 883
1519 642
1520 539
1521 33
1522 427
1522 532
1523 1217
1523 231
1523 1089
1524 96
1525 787
1525 238
1525 236
1525 1227
1525 358
1525 1005
1526 323
1527 689
1528 798
1528 291
1528 407
1529 377
1530 959
1531 766
1532 899
1533 858
1533 380
1534 993
1535 294
1536 892
1537 338
1538 541
1539 406
1540 379
1541 1167
1542 1303
1543 334
1543 58
1543 249
1544 671
1545 448
1546 52
1547 117
1548 330
1549 502
1550 609
1550 222
1551 918
1552 1212
1553 1231
1553 1133
1554 34
1555 1483
1556 729
1557 295
1558 1325
1559 1116
1559 939
1559 795
1559 1410
1560 597
1561 253
1562 1287
1563 299
1564 1513
1565 1333
1565 608
1566 93
1567 1199
1568 362
1569 239
1570 1088
1570 1044
1571 541
1572 978
1573 526
1573 31
1574 874
1575 1340
1575 818
1576 1046
1577 1067
1578 1371
1579 544
1580 990
1581 1067
1581 473
1581 380
1582 1221
1583 1577
1584 958
1585 504
1585 922
1586 1284
1587 1338
1587 1463
1588 757
1588 745
1589 476
1590 850
1591 1325
1592 569
1593 565
1593 248
1594 568
1595 1100
1596 1543
1597 739
1597 644
1598 1542
1599 901
1600 849
1601 766
1602 822
1603 1251
1604 1243
1604 1164
1605 1307
1606 444
1607 881
1608 29
1609 587
1610 121
1610 507
1610 576
1610 172
1610 1042
1611 989
1611 760
1612 1338
1612 353
1613 1401
1614 1034
1615 344
1616 1271
1617 703
1617 394
1618 719
1619 1107
1620 1330
1621 69
1622 1613
1623 1446
1624 845
1625 1619
1626 1418
1626 288
1626 181
1626 304
1626 33
1626 660
1627 1201
1627 1000
1628 747
1629 538
1630 1304
1631 1293
1632 1483
1633 1228
1633 346
1634 1054
1634 100
1634 289
1634 21
1634 259
1635 929
1635 265
1635 704
1636 100
1637 241
1637 187
1637 593
1638 1477
1639 449
1639 563
1640 8
1641 1047
1642 1470
1643 1531
1644 1526
1645 852
1645 274
1646 1628
1647 938
1648 1564
1649 939
1650 997
1651 961
1651 792
1652 1482
1653 1597
1654 40
1654 167
1655 424
1656 473
1657 36
1658 200
1659 204
1659 1160
1660 1490
1660 610
1660 67
1660 286
1660 324
1660 801
1661 1116
1661 1559
1662 1168
1662 764
1662 238
1662 1525
1663 100
1664 176
1665 109
1666 562
1667 1172
1667 1030
1668 351
1668 221
1668 423
1668 433
1668 723
1668 543
1669 1511
1669 886
1670 309
1671 1631
1671 1293
1672 1252
1673 1070
1674 1169
1674 45
1674 181
1675 1530
1676 1179
1677 1394
1678 1012
1679 20
1680 1611
1680 760
1681 702
1682 21
1682 321
1682 509
1682 664
1682 59
1682 728
1682 953
1682 1212
1683 186
1683 958
1684 65
1684 2
1684 64
1685 1413
1686 231
1687 1156
1687 1224
1688 1516
1689 1135
1690 1437
1691 480
1692 725
1693 97
1694 693
1695 780
1696 1465
1697 916
1698 652
1699 536
1700 489
1701 1240
1702 680
1702 416
1702 406
1702 191
1702 1355
1702 1539
1703 325
1704 612
1704 604
1704 547
1705 1007
1706 1122
1707 902
1708 547
1708 604
1709 25
1709 92
1710 1549
1711 1023
1712 1698
1713 16
1714 1613
1715 1692
1716 146
1717 338
1718 917
1718 170
1718 78
1718 165
1719 427
1720 605
1721 1115
1722 778
1723 37
1724 424
1724 274
1725 194
1726 909
1726 514
1726 537
1726 1129
1726 60
1726 598
1726 982
1727 365
1728 1133
1728 649
1728 1553
1729 1386
1729 1288
1730 1419
1731 184
1732 1477
1733 1355
1733 416
1734 831
1735 373
1736 1314
1736 374
1737 229
1737 1441
1738 354
1738 196
1739 1419
1739 1157
1740 1679
1740 20
1741 1277
1742 4
1743 1488
1744 847
1745 1372
1746 870
1747 1203
1748 1135
1749 1382
1750 1430
1751 180
1752 464
1753 494
1753 33
1753 790
1754 1314
1755 498
1756 1716
1757 828
1758 402
1759 1435
1760 781
1761 1206
1762 1097
1762 92
1763 1050
1764 424
1765 687
1766 165
1766 94
1766 170
1767 1140
1768 1561
1769 1087
1770 162
1771 1661
1772 748
1773 1094
1774 282
1775 1437
1775 566
1775 64
1775 2
1775 86
1775 93
1776 474
1777 204
1777 88
1777 1659
1778 1143
1779 132
1779 26
1779 1404
1780 797
1780 1247
1781 1460
1782 673
1783 1139
1784 601
1785 938
1786 623
1786 758
1787 378
1788 754
1789 965
1790 1722
1791 527
1792 1615
1792 344
1793 855
1793 941
1794 1640
1795 19
1795 278
1796 1416
1797 122
1798 294
1799 856
1800 643
1801 1566
1802 1313
1803 714
1804 23
1805 1136
1806 1789
1807 888
1808 1022
1809 229
1810 932
1810 561
1811 1517
1812 1618
1813 612
1814 1084
1815 222
1815 105
1815 1148
1815 248
1816 680
1817 354
1818 1213
1818 856
1819 1136
1819 800
1820 558
1820 1096
1820 1102
1821 1521
1822 567
1822 182
1823 459
1824 573
1824 442
1824 142
1824 107
1824 446
1825 1733
1826 429
1826 219
1827 957
1828 1459
1829 1765
1830 124
1831 1616
1832 1466
1832 461
1833 974
1834 59
1834 1682
1835 1483
1835 76
1836 811
1836 370
1837 98
1838 1072
1838 794
1839 777
1840 1396
1841 811
1842 1332
1843 71
1844 388
1845 1287
1845 673
1846 1707
1847 1305
1848 217
1849 1636
1850 1015
1851 1402
1852 1595
1853 1738
1854 514
1855 37
1856 763
1857 606
1858 73
1859 890
1860 1225
1861 247
1862 1418
1863 555
1864 174
1865 797
1866 469
1867 1244
1868 34
1869 567
1870 1192
1871 370
1871 53
1871 139
1871 26
1872 1669
1873 689
1874 1543
1875 1262
1876 893
1877 310
1878 1507
1879 988
1879 1331
1880 50
1881 311
1882 182
1883 87
1883 0
1883 374
1883 1027
1884 491
1885 141
1886 688
1886 931
1887 560
1887 97
1888 1776
1889 739
1889 644
1890 635
1891 1835
1891 76
1891 1483
1891 510
1892 1014
1892 137
1892 1347
1893 580
1893 143
1894 493
1894 242
1895 1686
1895 231
1896 1803
1896 714
1896 1327
1897 1816
1897 680
1897 551
1898 1217
1899 337
1899 914
1899 1204
1900 1063
1901 659
1902 1579
1903 1705
1904 12
1904 1042
1904 162
1904 507
1905 1038
1906 1653
1907 1064
1907 597
1908 1618
1909 995
1909 712
1910 1027
1911 221
1911 569
1911 1668
1911 423
1912 550
1913 1384
1913 828
1914 1022
1914 243
1914 1808
1915 681
1915 525
1916 1322
1916 499
1917 1077
1917 535
1918 397
1919 848
1919 248
1920 1055
1921 1012
1922 1642
1923 109
1923 403
1924 216
1925 1094
1926 1717
1927 1491
1927 155
1927 125
1927 17
1928 102
1929 565
1930 1176
1930 267
1931 881
1932 1034
1933 1915
1934 1190
1934 961
1935 1669
1936 240
1937 1428
1938 1372
1939 1938
1940 1694
1941 1558
1942 178
1943 941
1944 1344
1945 1777
1945 1659
1946 768
1947 1655
1948 1066
1948 702
1949 1515
1950 626
1951 640
1952 1308
1953 497
1954 1279
1955 1595
1956 1793
1957 749
1958 532
1959 1886
1960 239
1961 907
1961 399
1962 207
1962 400
1963 753
1963 333
1964 28
1965 1814
1966 562
1967 792
1968 1808
1969 1615
1970 1340
1971 1862
1972 406
1973 74
1974 285
1975 562
1976 101
1977 1448
1978 766
1979 1285
1980 99
1980 1085
1981 1730
1981 1419
1982 572
1983 599
1984 1807
1985 1846
1986 1269
1986 646
1987 1238
1988 1461
1988 229
1989 1341
1989 1398
1990 28
1991 1899
1991 914
1992 670
1993 403
1994 660
1995 921
1996 1000
1996 1627
1997 877
1998 1020
1999 1419
