1 0
2 1
3 2
4 0
5 2
6 2
6 3
7 2
7 1
7 0
7 4
8 7
9 0
10 0
11 7
12 10
12 0
13 3
13 6
13 2
14 11
15 4
15 0
16 13
17 11
17 7
17 14
18 12
19 6
20 12
21 20
22 7
23 5
24 14
25 7
25 22
26 16
27 0
27 9
28 3
28 6
29 25
30 21
31 1
31 7
32 16
33 24
33 14
33 17
34 4
35 10
36 6
37 11
38 2
39 21
40 29
41 0
41 1
41 9
41 15
42 12
43 7
44 9
45 23
46 12
46 0
47 43
48 11
49 47
50 36
51 28
52 24
53 0
54 21
55 10
55 12
55 35
56 17
57 20
58 54
59 11
60 56
61 49
61 47
62 40
63 10
63 55
64 21
65 24
65 33
66 50
67 16
68 52
69 20
70 37
71 7
72 22
73 17
74 14
75 33
75 65
76 30
77 54
78 4
79 63
80 32
81 17
81 14
81 73
82 4
82 0
82 15
82 34
82 7
82 41
82 9
83 28
84 78
85 50
86 66
87 77
88 76
89 59
90 60
91 88
92 86
93 20
94 39
95 86
95 66
95 50
96 22
97 39
98 26
99 10
100 50
101 34
102 59
102 89
103 51
104 34
105 65
106 100
107 64
108 94
109 41
110 80
111 50
112 95
112 66
113 108
114 107
115 106
116 22
116 72
117 73
117 17
118 42
119 86
120 54
121 24
122 58
123 90
124 58
125 60
126 82
127 69
128 16
129 118
130 68
131 33
131 14
132 3
133 123
134 110
135 122
136 16
137 100
138 21
139 6
139 28
140 69
141 79
142 122
143 94
144 75
145 71
146 130
147 59
147 102
148 75
149 23
150 95
150 50
150 66
150 86
151 49
152 142
153 125
154 9
154 27
155 119
156 61
156 47
157 138
158 54
159 23
160 101
161 36
161 6
161 50
162 57
163 29
163 25
163 7
163 22
164 125
164 60
164 153
165 102
166 140
166 69
166 20
166 127
166 12
166 0
167 121
168 28
169 91
170 153
171 70
172 86
173 3
173 28
174 150
175 163
176 132
177 147
177 102
178 147
179 40
179 62
180 54
181 92
181 86
182 50
182 150
183 170
184 101
185 44
186 160
187 95
188 105
189 55
190 62
191 95
191 66
191 112
192 56
193 70
193 171
194 52
195 98
196 152
196 142
197 164
197 125
197 153
197 170
197 183
198 36
199 177
200 184
201 182
202 50
202 66
203 163
204 38
204 2
205 141
206 129
206 118
207 194
208 195
209 44
210 12
211 197
212 38
213 26
214 170
215 125
216 211
217 50
218 103
219 103
220 137
221 201
222 12
223 217
224 143
225 156
226 116
227 131
228 195
229 228
230 27
230 154
231 60
232 126
232 82
233 72
233 116
233 226
234 180
235 222
236 174
237 197
237 170
237 183
238 126
239 187
239 95
240 61
240 47
240 156
241 224
242 41
243 229
244 83
245 114
245 107
246 159
246 23
246 45
246 149
247 20
247 12
247 21
248 180
249 181
250 19
250 6
251 242
252 29
253 175
254 79
255 137
256 79
256 63
257 34
258 105
259 43
259 47
260 92
261 115
262 2
263 87
264 3
264 2
264 6
264 13
264 16
264 67
264 136
265 30
266 57
267 195
267 98
268 152
269 119
270 204
271 36
272 165
273 41
273 9
274 93
274 20
275 61
276 79
276 63
277 83
277 244
278 132
278 176
279 85
280 98
281 132
282 160
283 57
283 20
284 228
285 184
286 217
287 173
288 184
289 157
289 138
290 47
290 156
291 48
292 261
293 73
294 146
295 166
295 20
296 25
297 181
298 224
298 143
298 94
299 77
300 130
301 247
302 100
303 271
304 127
305 39
306 218
307 56
307 17
307 60
307 90
307 164
308 205
309 115
310 121
311 3
312 264
313 25
314 209
314 44
315 26
316 286
317 281
318 139
319 317
320 22
321 193
322 244
322 277
322 83
323 109
324 323
325 281
326 34
327 158
328 118
329 111
330 297
330 181
331 66
332 185
332 44
333 311
334 130
335 191
336 174
337 138
338 0
338 9
338 166
339 266
339 57
340 252
341 250
341 19
341 6
341 2
342 141
342 205
343 239
344 69
344 127
345 121
346 214
347 89
347 59
347 102
347 11
347 147
348 317
349 101
350 30
351 72
352 248
352 180
353 272
354 327
355 223
356 290
356 156
357 196
358 337
359 114
360 291
361 56
362 45
362 23
362 246
363 61
364 196
365 216
366 138
367 163
367 22
367 25
368 93
369 110
370 48
371 97
372 192
373 277
374 211
375 338
376 212
377 52
377 194
378 236
379 188
379 105
380 29
380 25
381 181
382 136
383 123
384 198
384 36
385 274
386 45
387 171
388 135
389 236
390 146
391 154
391 9
392 189
392 55
393 74
394 220
395 258
395 105
395 379
395 188
396 306
397 225
398 271
399 216
400 112
401 73
402 118
402 129
403 147
404 376
405 31
406 249
407 291
408 353
409 136
410 200
411 295
412 33
413 244
414 298
415 28
415 3
415 6
416 174
417 196
417 142
417 152
418 306
419 67
420 322
420 277
421 399
422 181
423 303
424 394
425 208
425 195
426 301
427 282
428 54
429 161
430 379
431 32
432 327
433 193
434 42
435 40
436 150
437 367
437 25
438 256
439 10
439 12
439 55
439 247
440 277
440 322
440 420
441 437
441 25
441 367
442 354
443 188
444 76
445 325
446 83
447 289
447 138
448 149
449 135
450 70
450 193
451 315
451 26
452 23
453 209
453 44
453 314
454 50
455 240
456 110
457 121
458 158
458 54
458 120
459 332
460 305
460 39
461 89
462 376
463 404
464 21
465 390
465 146
466 460
467 186
468 38
469 212
470 181
470 330
471 374
472 79
472 256
473 400
474 28
475 208
476 198
477 154
477 9
478 31
479 268
480 341
481 301
482 213
483 172
484 425
485 311
486 63
487 444
488 413
489 487
490 404
490 463
491 341
491 480
492 172
493 56
494 250
495 489
495 487
496 13
497 436
497 150
498 177
499 2
500 495
501 192
501 56
502 316
503 221
503 201
503 182
504 385
505 387
506 184
506 200
507 242
507 41
507 0
508 17
509 405
510 54
510 180
511 373
511 277
512 433
512 193
513 469
514 151
514 49
515 469
516 445
517 186
518 102
519 511
520 144
521 186
521 160
521 101
521 184
522 491
522 341
523 8
524 42
525 232
526 224
527 202
528 387
528 505
529 368
530 218
531 178
531 147
532 486
532 63
533 374
533 211
534 78
535 245
536 201
537 256
537 79
537 254
538 295
539 19
539 6
539 28
539 36
539 161
539 51
539 474
539 429
540 450
541 272
541 165
541 353
542 62
542 190
543 141
544 155
545 128
546 100
546 50
546 66
546 112
547 445
548 362
548 45
548 246
548 23
548 149
548 159
549 159
550 335
550 191
550 66
550 95
550 112
550 50
550 150
550 239
550 100
550 182
551 313
552 143
553 289
554 527
555 189
556 540
556 450
556 70
556 193
557 143
557 298
558 210
559 518
559 102
560 197
561 310
562 294
562 146
563 12
564 376
565 229
566 231
567 207
567 194
568 538
569 499
570 462
570 376
570 212
570 404
570 564
571 291
572 103
573 191
574 38
575 310
576 99
577 107
578 248
579 565
580 348
580 317
580 281
580 132
580 325
580 3
580 6
580 13
581 84
582 143
583 559
583 102
583 518
584 359
585 158
585 327
585 458
585 354
585 432
585 442
586 67
587 275
587 61
588 251
589 568
590 268
590 479
591 389
592 543
592 141
593 393
594 178
595 366
596 151
597 11
598 185
598 44
599 450
599 70
599 193
599 556
600 423
601 191
601 573
602 183
602 197
602 237
603 153
604 471
605 578
606 604
606 471
607 521
608 499
608 2
608 569
609 95
610 574
611 350
611 30
612 144
613 386
614 272
614 165
615 249
616 361
617 315
618 48
619 21
620 295
621 583
622 401
622 73
623 328
624 482
625 483
626 7
627 589
628 379
629 140
629 166
630 124
631 226
631 116
632 28
633 259
634 445
635 508
636 524
636 42
637 9
637 338
637 477
638 154
639 596
640 589
641 104
642 65
643 428
644 583
645 467
646 634
646 445
647 37
648 639
648 596
649 388
649 135
649 449
650 482
651 593
652 587
653 408
654 271
655 43
655 7
656 32
656 431
657 0
657 12
658 478
658 31
659 446
660 265
661 197
661 211
661 533
661 374
662 435
663 273
663 41
664 73
665 642
666 534
667 192
667 56
667 501
668 165
669 264
670 272
671 96
671 22
672 207
673 86
674 151
675 430
675 379
676 567
677 442
678 93
679 180
680 373
681 69
682 146
683 90
684 595
685 529
685 368
686 595
687 311
688 386
688 613
689 503
690 408
691 683
692 369
693 279
694 247
695 665
696 377
696 52
697 356
698 643
699 216
699 399
700 142
700 122
701 138
702 307
703 585
704 157
705 508
705 17
706 160
707 492
708 491
708 341
709 128
709 545
710 519
711 590
712 421
713 460
714 94
715 216
715 365
716 110
717 472
718 505
719 263
720 304
721 550
722 452
722 23
722 149
723 201
724 243
724 229
725 8
725 7
726 55
727 726
727 55
728 634
729 212
729 376
730 320
731 502
732 510
732 54
733 121
734 695
735 648
735 596
735 639
736 84
737 595
737 684
738 149
739 155
739 544
740 412
741 397
742 704
743 523
744 654
745 643
746 489
746 487
746 444
747 671
748 417
749 257
750 361
751 113
752 582
753 423
754 508
755 301
755 481
756 299
757 364
758 320
759 483
760 553
761 509
762 727
763 49
763 61
764 140
764 166
765 3
766 751
767 706
768 159
768 246
768 23
769 709
770 581
770 84
771 363
772 535
773 46
773 0
774 574
775 195
775 228
775 284
776 707
777 246
778 67
779 7
780 632
780 28
781 587
782 171
783 194
783 207
784 416
785 721
786 394
787 720
788 751
789 658
790 357
791 198
792 555
793 455
794 721
795 737
796 161
797 588
798 323
798 109
798 41
799 283
800 797
800 588
801 389
802 128
803 738
803 149
803 246
804 244
805 366
806 240
806 156
806 455
806 793
807 308
808 447
809 681
810 115
811 687
811 311
812 251
812 588
812 797
812 800
813 521
813 101
814 385
814 274
815 650
816 348
817 771
818 80
819 645
820 147
820 403
821 18
822 600
823 710
824 361
824 56
824 616
824 17
824 307
824 501
824 7
824 192
824 667
825 547
826 448
826 149
826 548
827 818
828 555
829 496
830 527
831 792
832 765
833 461
834 374
835 630
836 316
836 286
837 510
838 203
839 657
840 608
840 2
841 711
842 577
843 534
843 666
844 241
845 271
846 787
847 700
847 122
847 58
847 135
847 142
848 208
848 195
849 587
850 123
851 134
851 110
852 557
852 143
852 94
852 224
853 73
853 17
853 81
853 664
853 14
854 758
855 631
855 116
856 295
857 138
858 834
859 490
860 255
861 660
862 110
863 98
864 380
864 29
865 347
866 733
867 99
868 826
869 522
870 299
871 643
872 108
873 119
873 155
874 256
875 223
876 267
877 641
878 441
879 842
879 577
880 268
881 690
882 618
883 216
884 152
885 155
885 544
886 351
887 72
887 22
887 233
888 807
889 647
890 646
891 871
891 643
891 428
891 698
891 745
891 54
892 472
893 281
893 132
894 882
895 12
896 59
897 31
898 856
899 732
899 510
900 493
901 137
901 255
902 599
903 591
904 534
905 36
906 509
907 120
907 458
908 175
909 908
910 636
911 322
911 420
912 310
912 575
913 143
914 755
915 336
916 460
917 35
918 675
919 519
920 103
921 104
922 161
923 216
923 365
924 483
925 327
925 585
926 279
927 198
928 701
929 842
929 577
929 879
930 449
931 725
932 916
933 829
934 532
935 472
936 796
937 492
938 332
938 459
939 358
939 337
940 564
941 403
942 850
943 171
944 325
944 445
945 763
945 49
945 61
945 151
945 514
946 910
947 107
948 697
949 797
950 370
951 455
952 210
953 354
954 611
954 30
954 350
955 252
955 29
956 565
956 579
957 505
957 387
957 528
958 702
959 50
960 768
960 23
960 159
960 246
960 548
960 549
961 256
961 472
961 874
961 717
962 816
962 348
963 784
964 456
965 839
966 139
966 318
967 700
968 118
968 206
968 328
969 395
970 874
970 961
971 822
972 536
972 201
972 182
972 550
973 523
973 8
974 532
974 63
974 486
974 934
975 970
976 469
977 130
978 431
979 44
980 252
981 227
982 613
983 160
983 706
984 513
985 240
986 375
987 141
988 841
988 711
988 590
989 753
990 267
991 560
992 615
993 157
994 570
995 337
995 358
995 939
996 339
997 230
998 716
999 457
1000 343
1000 239
1000 187
1000 95
1001 677
1002 738
1003 98
1004 235
1005 902
1006 350
1007 191
1007 66
1007 95
1007 112
1007 335
1007 550
1007 546
1007 972
1008 556
1009 133
1010 205
1011 97
1011 39
1011 371
1012 134
1012 110
1013 720
1014 900
1015 94
1015 108
1015 872
1016 190
1016 62
1017 489
1017 746
1017 444
1018 58
1019 966
1020 814
1021 762
1022 464
1023 767
1024 577
1025 287
1025 173
1026 201
1027 10
1027 0
1028 186
1029 438
1030 58
1031 906
1032 664
1033 389
1034 908
1035 398
1035 271
1036 653
1037 916
1038 13
1039 56
1040 40
1040 179
1041 386
1042 22
1043 715
1044 207
1044 194
1044 783
1044 567
1045 79
1046 215
1047 247
1048 943
1049 745
1050 1036
1051 11
1052 685
1052 529
1052 368
1053 611
1054 1028
1055 825
1056 128
1057 782
1058 541
1059 40
1060 986
1060 375
1061 740
1062 979
1063 1054
1064 221
1065 826
1066 1063
1067 431
1068 764
1069 628
1069 379
1070 253
1071 479
1072 895
1073 214
1074 225
1075 336
1076 846
1077 238
1077 126
1077 82
1077 232
1078 229
1078 243
1079 950
1080 916
1081 314
1082 634
1082 728
1083 775
1084 270
1085 412
1085 33
1086 297
1087 469
1088 223
1088 217
1088 50
1089 110
1090 1044
1091 137
1091 901
1092 19
1092 539
1093 746
1093 444
1093 489
1093 487
1093 495
1093 500
1094 118
1095 879
1096 135
1097 403
1098 133
1098 123
1098 1009
1098 383
1099 887
1099 22
1100 573
1101 778
1102 280
1102 98
1103 3
1104 1002
1105 218
1106 1034
1106 908
1107 16
1108 904
1109 928
1110 313
1110 551
1111 85
1111 279
1111 926
1112 808
1113 338
1114 687
1115 336
1116 488
1117 1002
1118 1104
1118 1002
1119 1051
1120 902
1121 23
1122 288
1123 711
1124 78
1125 1063
1126 779
1127 209
1128 113
1129 848
1130 1010
1131 430
1132 706
1133 845
1134 966
1135 251
1136 99
1137 249
1138 346
1138 214
1138 170
1138 1073
1139 382
1139 136
1139 264
1140 140
1141 417
1141 748
1142 862
1143 140
1143 69
1144 358
1145 753
1146 819
1147 614
1148 434
1149 31
1150 94
1151 1065
1152 53
1153 471
1153 604
1154 838
1154 203
1155 856
1156 348
1157 1051
1157 1119
1158 1088
1159 493
1160 162
1161 101
1161 521
1161 184
1162 577
1163 587
1163 652
1164 478
1165 907
1166 625
1167 312
1168 971
1168 822
1169 878
1169 441
1170 21
1171 659
1171 446
1172 574
1172 610
1173 975
1174 1057
1175 528
1175 387
1176 169
1177 289
1178 708
1179 935
1179 472
1180 441
1181 1120
1182 383
1183 138
1184 588
1185 803
1185 246
1185 149
1185 548
1186 142
1187 44
1188 497
1189 674
1190 688
1191 349
1192 855
1193 825
1193 1055
1194 1073
1194 1138
1195 812
1195 588
1195 251
1195 1135
1196 26
1197 427
1197 282
1198 276
1199 511
1199 277
1199 440
1199 322
1199 83
1200 168
1201 975
1201 970
1201 1173
1202 669
1203 331
1204 722
1205 493
1206 1204
1207 769
1208 835
1208 630
1208 124
1209 728
1210 980
1211 1097
1212 1016
1213 275
1214 916
1214 460
1215 1117
1216 187
1217 701
1218 892
1219 671
1220 855
1221 145
1221 71
1221 7
1221 22
1221 824
1221 96
1221 667
1221 671
1221 747
1222 5
1223 1142
1224 1001
1225 195
1225 98
1225 208
1225 775
1225 475
1226 557
1227 79
1227 254
1228 590
1229 1029
1230 943
1230 1048
1231 998
1232 587
1233 933
1234 250
1235 261
1235 115
1235 292
1236 463
1237 874
1238 162
1239 296
1239 25
1240 1200
1240 168
1241 1056
1241 128
1242 1195
1243 831
1244 575
1245 280
1246 73
1247 932
1248 830
1249 250
1250 30
1251 560
1251 197
1251 211
1252 153
1253 451
1254 381
1255 426
1256 305
1257 391
1257 9
1257 637
1258 75
1259 770
1259 581
1260 1254
1261 1235
1261 261
1261 292
1262 1089
1262 110
1263 1043
1264 498
1265 188
1266 985
1267 1059
1268 88
1269 719
1270 1070
1271 588
1272 1027
1273 302
1274 17
1274 117
1275 1032
1275 664
1276 819
1277 325
1278 1163
1279 1278
1280 1122
1281 373
1281 277
1281 322
1281 440
1282 528
1283 395
1284 817
1285 755
1286 628
1287 862
1288 1056
1289 663
1289 273
1290 1116
1291 777
1292 600
1293 1145
1294 759
1295 1233
1295 933
1296 1111
1297 773
1297 0
1298 674
1298 151
1299 153
1300 1224
1301 1071
1301 479
1301 268
1302 1067
1303 746
1303 1017
1303 444
1303 76
1304 1119
1304 1051
1305 974
1305 63
1305 10
1305 256
1305 439
1305 12
1306 918
1306 675
1307 750
1308 924
1309 1300
1310 984
1311 527
1312 825
1312 547
1312 1055
1312 1193
1312 445
1313 773
1314 831
1315 445
1315 646
1316 739
1317 730
1318 1281
1319 958
1320 176
1321 1171
1322 1109
1323 800
1323 588
1323 797
1323 812
1323 1195
1324 307
1325 1169
1325 878
1326 684
1326 595
1327 522
1328 1030
1328 58
1328 124
1328 1018
1329 92
1330 1192
1331 814
1332 263
1333 1246
1334 1311
1335 80
1336 380
1336 25
1336 29
1337 330
1338 148
1338 75
1339 654
1340 641
1341 286
1342 38
1343 1228
1344 526
1344 224
1345 1341
1346 1057
1346 1174
1347 321
1348 846
1349 1044
1350 881
1351 133
1352 204
1352 38
1353 108
1354 863
1355 465
1355 390
1355 146
1355 682
1356 50
1356 546
1357 929
1358 836
1358 286
1359 100
1360 1007
1361 1046
1362 287
1363 370
1364 867
1365 1173
1366 279
1366 693
1367 850
1368 891
1369 184
1370 1140
1371 1129
1372 179
1373 78
1374 215
1375 130
1376 1005
1377 902
1378 649
1378 135
1378 388
1379 265
1379 30
1380 1100
1380 573
1381 166
1382 834
1383 853
1383 81
1383 664
1384 745
1385 407
1386 520
1387 1281
1388 1070
1388 253
1388 175
1388 163
1388 908
1388 29
1389 552
1390 1218
1391 1320
1392 141
1393 390
1394 956
1395 1084
1396 286
1396 217
1397 535
1398 374
1399 803
1399 149
1400 1177
1400 289
1401 233
1402 63
1403 1307
1403 750
1403 361
1403 824
1404 641
1405 6
1405 341
1406 1044
1407 1037
1407 916
1407 460
1407 1080
1408 697
1409 4
1409 7
1410 862
1410 1142
1411 887
1412 1315
1413 572
1413 103
1414 706
1415 697
1415 356
1415 948
1415 1408
1416 1018
1417 754
1418 39
1419 1221
1419 96
1419 22
1420 837
1421 1102
1422 1262
1423 1405
1424 236
1425 942
1426 422
1427 419
1428 941
1429 516
1429 445
1430 334
1431 1138
1432 971
1432 1168
1432 822
1433 494
1433 250
1434 262
1435 609
1436 1310
1437 447
1438 1365
1439 341
1440 1128
1441 1243
1442 596
1443 648
1444 1385
1444 407
1444 291
1445 1325
1446 749
1447 469
1448 348
1449 163
1450 1274
1451 998
1452 761
1453 819
1454 258
1455 1281
1456 966
1457 615
1458 1210
1458 980
1459 1176
1459 169
1460 1388
1461 802
1462 758
1463 893
1463 281
1463 317
1464 1315
1464 445
1465 57
1466 1389
1467 131
1468 950
1469 426
1470 1208
1471 444
1471 1303
1472 314
1473 519
1473 511
1473 373
1473 277
1474 1359
1475 256
1476 92
1477 1434
1478 401
1478 622
1479 610
1480 480
1481 790
1482 813
1483 278
1484 540
1485 1132
1486 1379
1487 736
1488 1058
1489 132
1490 1250
1490 30
1490 1379
1490 265
1490 1486
1491 263
1491 719
1492 90
1493 1381
1494 612
1495 556
1495 70
1495 193
1495 450
1495 599
1495 37
1495 512
1495 902
1496 1048
1497 1470
1498 463
1499 872
1500 174
1501 1403
1501 1307
1502 1387
1503 860
1503 255
1504 57
1505 1174
1506 1048
1507 427
1508 671
1509 67
1510 201
1510 182
1511 719
1512 516
1513 89
1514 1398
1515 938
1516 795
1516 737
1517 418
1518 544
1519 50
1519 550
1520 729
1521 488
1522 1143
1522 140
1523 669
1524 635
1525 644
1526 1418
1527 1481
1528 655
1528 7
1528 31
1529 1389
1529 552
1529 1466
1530 734
1531 857
1532 56
1533 957
1534 763
1534 49
1534 61
1534 945
1535 1074
1536 677
1537 1460
1538 1054
1539 1185
1540 286
1541 1242
1542 408
1542 353
1542 653
1543 422
1543 1426
1544 799
1545 1441
1545 1243
1546 466
1546 460
1547 479
1547 590
1547 1301
1548 1320
1549 683
1550 125
1550 197
1550 1251
1551 621
1552 1377
1553 974
1553 1305
1554 1493
1554 1381
1555 168
1555 1200
1556 671
1557 1319
1558 220
1559 1421
1560 689
1561 1413
1562 1281
1563 848
1563 195
1563 1129
1564 470
1565 1032
1566 1353
1567 706
1567 767
1567 1414
1568 684
1569 811
1570 1294
1571 266
1572 1427
1573 1528
1574 493
1575 677
1575 1001
1576 909
1577 221
1578 1237
1579 365
1580 740
1581 1049
1582 867
1583 338
1584 523
1585 1527
1586 1578
1586 1237
1587 1512
1587 516
1587 1429
1588 412
1589 1519
1590 1562
1591 1097
1592 995
1593 1585
1594 1323
1595 1483
1595 278
1596 1044
1597 1131
1598 918
1599 850
1599 942
1599 1425
