1 0
2 0
3 0
3 1
4 0
5 0
5 3
5 4
6 3
7 5
8 4
9 0
10 7
11 10
12 5
13 1
14 0
15 10
15 7
16 15
17 11
17 10
18 6
19 8
20 16
20 15
21 17
22 14
23 11
24 17
25 11
25 17
26 2
27 17
28 2
28 26
29 22
30 28
31 21
32 29
33 22
34 16
35 21
36 34
37 8
38 34
38 16
38 36
39 18
39 6
40 22
41 32
42 30
42 28
43 4
44 27
45 22
46 17
47 34
48 40
49 35
50 23
51 14
52 34
52 16
53 18
53 6
53 39
54 44
55 51
56 23
57 1
58 49
59 51
60 16
61 13
62 53
63 45
64 54
65 35
66 47
67 40
68 3
69 48
70 27
71 41
72 48
73 6
74 27
75 52
75 16
75 34
76 50
77 14
77 22
77 51
77 55
78 5
79 7
80 46
80 17
81 47
81 34
82 40
83 67
83 40
84 34
85 83
86 43
87 81
88 63
89 62
90 4
91 34
92 37
93 43
94 64
95 55
95 51
96 11
97 67
98 14
99 87
100 20
101 30
102 95
102 51
103 16
103 15
103 34
104 14
104 98
105 89
106 2
107 11
108 77
108 51
109 12
110 24
111 72
112 63
112 88
113 10
114 48
114 72
115 62
115 53
115 89
116 16
117 14
118 25
119 68
120 94
120 64
121 113
121 10
121 15
122 12
123 54
123 64
123 94
123 120
124 117
124 14
125 70
126 68
127 105
127 89
128 35
129 34
129 75
129 81
129 16
130 71
131 64
132 43
133 95
134 114
135 32
136 133
136 95
137 61
138 4
139 123
140 72
141 34
141 91
142 141
142 91
143 8
143 4
144 99
144 87
145 75
146 59
147 120
148 136
149 92
150 137
151 101
152 61
153 87
154 152
154 61
155 91
156 54
157 94
158 125
159 16
160 153
161 43
162 18
162 6
162 53
162 39
163 8
164 53
165 9
166 68
167 156
168 131
169 26
169 28
170 63
171 9
172 83
173 166
173 68
173 3
173 126
174 11
175 87
175 99
176 0
177 0
178 114
179 39
180 84
181 128
182 145
182 75
182 34
183 43
184 156
185 153
185 87
186 55
187 139
188 32
189 184
190 59
190 51
191 97
192 127
193 27
194 182
195 19
196 190
196 59
197 147
198 28
199 46
200 45
200 22
200 63
201 13
202 43
203 139
204 56
205 82
206 132
206 43
206 86
206 161
207 86
208 65
209 126
210 130
210 71
211 200
212 70
213 57
214 152
215 87
216 90
217 199
218 7
219 109
219 12
220 190
221 22
222 105
223 174
224 217
225 220
226 157
227 123
228 88
228 63
228 112
229 72
230 222
230 105
231 33
232 74
233 162
233 39
233 179
234 192
235 67
236 150
237 179
237 39
237 233
238 82
238 205
239 127
240 114
241 45
242 186
243 98
244 173
245 213
246 173
247 209
248 215
248 87
249 39
250 103
251 45
252 70
253 69
254 7
255 124
256 95
257 69
258 79
259 37
260 62
261 100
261 20
262 199
263 33
264 13
265 128
266 57
266 1
266 213
267 38
268 76
268 50
269 38
270 91
270 34
270 155
271 88
272 22
273 4
273 90
273 143
273 216
274 113
275 95
276 206
277 24
278 82
278 238
279 110
280 138
281 128
282 99
283 281
283 128
284 48
285 9
285 171
286 175
287 159
287 16
288 33
289 202
290 164
291 208
291 65
292 102
293 90
294 48
295 134
296 112
297 175
297 87
297 81
297 153
297 215
297 185
297 248
298 285
299 267
299 38
300 201
301 270
302 4
303 173
304 166
304 173
304 246
305 223
306 25
307 170
307 63
308 30
309 248
309 215
309 297
309 81
309 34
309 87
309 185
310 108
311 293
312 43
313 105
314 39
315 265
316 270
317 239
318 104
318 14
319 80
319 46
320 278
320 82
320 40
320 205
320 238
320 22
320 29
321 189
322 265
322 128
322 315
322 35
322 181
323 109
324 22
325 239
326 156
326 184
327 78
327 5
328 245
329 97
330 97
331 319
332 244
333 116
334 205
335 53
336 254
337 194
338 291
339 134
339 295
340 337
341 20
342 1
343 20
344 188
345 156
345 184
346 180
347 113
347 121
347 274
348 120
349 23
349 11
349 50
350 343
350 20
351 62
351 53
351 18
351 39
351 164
351 162
351 314
352 265
353 309
353 215
354 105
355 190
356 291
357 309
358 175
359 295
359 134
359 339
360 353
361 311
362 296
362 112
363 217
364 52
365 325
365 239
365 127
365 317
366 152
367 2
368 233
369 150
369 137
370 152
371 71
372 214
373 343
374 154
374 152
375 100
376 22
376 221
377 280
378 17
379 257
380 277
380 24
380 17
380 110
381 149
382 277
383 74
384 87
385 356
385 291
386 291
387 2
388 185
389 224
390 109
390 219
390 12
391 168
392 220
393 217
394 221
394 376
395 125
395 70
396 76
397 47
398 239
399 161
400 188
400 344
401 90
402 192
403 312
404 115
405 187
406 53
407 3
408 62
409 101
410 258
411 370
412 350
413 9
414 227
415 274
416 362
417 173
418 415
419 45
420 35
420 21
420 17
420 24
421 103
422 199
423 239
423 127
423 317
423 325
423 365
423 398
424 9
425 153
426 19
427 178
428 37
428 8
429 248
429 215
429 297
429 87
429 309
429 81
429 185
429 384
430 325
431 212
431 70
432 46
433 299
434 200
435 346
436 319
437 326
438 146
439 416
440 299
441 88
442 91
443 193
444 276
445 31
446 431
447 322
448 314
448 39
448 18
448 237
449 282
450 397
450 47
450 81
451 238
452 139
452 187
453 24
453 277
454 73
454 6
455 86
456 130
457 13
457 201
458 160
458 153
459 433
459 299
460 118
461 378
462 457
463 66
463 47
464 84
464 180
465 112
465 362
466 150
467 299
468 20
469 447
470 143
470 8
471 404
472 34
473 26
474 68
475 244
476 242
477 274
477 415
477 418
478 273
479 40
480 5
481 215
482 155
483 332
484 245
485 134
486 293
487 96
488 103
489 334
490 275
491 119
492 274
492 347
492 113
492 121
493 43
493 93
493 161
494 236
495 486
495 293
496 256
497 164
497 290
498 400
499 195
500 206
501 124
502 172
503 462
504 49
505 418
506 467
507 425
508 438
509 469
510 69
511 348
512 257
513 302
514 504
515 59
516 500
517 92
518 93
519 75
519 182
520 317
521 138
522 45
523 244
524 348
525 425
526 393
527 186
528 11
529 305
529 223
530 239
531 80
532 52
532 34
532 75
532 364
532 145
533 310
534 198
535 218
536 475
536 244
537 320
538 22
539 501
539 124
540 127
540 192
540 365
541 251
541 45
542 39
543 207
544 4
545 447
546 458
547 7
548 354
549 145
550 121
551 481
551 215
552 477
553 269
554 307
555 128
556 223
556 174
557 55
557 186
558 318
559 558
560 66
561 141
561 142
561 91
561 34
561 155
561 270
561 482
562 22
562 320
562 205
563 340
564 66
565 381
566 471
567 43
568 161
569 45
570 278
570 320
571 498
572 136
573 36
573 34
574 395
575 216
576 10
577 542
578 474
579 148
580 400
581 159
582 504
583 475
584 333
585 366
585 152
586 497
587 47
587 81
587 87
587 215
587 248
587 309
587 429
587 297
588 484
589 245
590 117
590 14
590 51
590 59
591 55
592 513
593 458
594 47
595 417
595 173
595 126
596 226
597 390
598 265
599 271
600 146
601 400
601 188
601 344
601 498
601 580
601 32
601 571
601 41
602 430
603 579
604 318
604 104
604 14
604 77
604 590
604 51
604 95
604 133
604 136
604 148
604 579
605 291
605 208
606 158
607 552
608 113
609 81
610 358
611 458
612 261
613 356
613 385
614 223
615 235
616 203
617 277
618 395
618 70
619 417
620 33
621 432
622 151
623 326
624 191
624 97
625 113
626 529
627 261
627 20
627 100
627 350
627 375
628 577
629 359
629 339
629 134
629 295
629 114
630 351
631 545
632 230
633 446
634 298
635 555
635 128
636 355
636 190
636 59
637 190
638 342
638 1
639 146
640 457
641 164
642 320
643 392
644 565
645 557
646 269
647 516
648 530
649 299
650 643
651 231
652 192
653 118
654 17
655 138
656 601
657 263
658 91
659 304
659 246
660 523
660 244
661 356
662 347
663 536
663 244
663 475
664 343
665 476
666 495
666 486
667 235
668 403
668 312
669 377
669 280
669 138
670 110
671 542
672 114
673 43
674 143
675 506
676 126
677 573
678 191
679 422
680 669
680 138
680 280
680 377
681 271
682 74
683 230
683 632
684 247
684 209
684 126
684 595
684 417
684 173
684 3
684 303
684 304
685 261
686 391
686 168
686 131
687 587
688 150
689 235
690 382
690 277
691 179
692 114
693 356
693 661
694 569
694 45
695 361
696 672
697 414
698 338
699 100
700 348
700 120
701 239
701 127
701 423
701 530
701 192
702 144
703 352
704 505
705 120
706 692
706 114
706 178
706 427
707 218
707 7
708 668
709 38
710 193
711 190
712 71
713 480
714 433
715 213
715 57
715 266
715 1
716 166
717 71
718 97
718 67
719 162
720 339
721 22
721 14
721 200
721 98
721 45
721 63
721 211
721 88
721 307
722 27
723 114
724 339
725 341
725 20
726 573
727 472
728 312
729 158
729 125
729 395
730 577
731 84
732 626
733 272
734 424
734 9
734 0
734 165
734 171
735 281
736 202
737 603
738 249
739 427
740 117
741 460
741 118
742 660
743 716
744 562
745 633
745 446
745 431
746 723
746 114
747 538
748 36
749 323
750 621
751 570
752 499
753 533
754 296
755 726
756 245
757 82
758 557
759 355
760 91
761 693
761 661
762 719
762 162
763 306
763 25
764 174
765 649
766 587
767 435
768 110
769 437
770 438
771 307
772 200
773 148
774 527
775 472
776 195
777 202
778 603
779 390
779 12
779 219
779 597
779 109
779 323
780 574
781 629
781 134
781 339
781 359
781 485
782 285
783 145
784 96
784 487
785 454
785 6
786 639
786 146
787 727
787 472
788 748
789 282
789 449
790 318
791 579
792 703
793 425
794 431
795 124
796 364
796 52
797 116
798 163
798 8
799 758
800 635
801 390
802 6
802 39
802 73
803 195
804 457
805 246
806 185
806 297
806 587
806 47
807 601
807 571
807 656
808 4
809 592
810 444
810 276
810 206
810 43
811 116
811 797
812 173
813 254
814 771
815 779
816 343
816 20
816 664
817 676
818 408
819 144
820 567
821 532
822 240
822 114
823 154
824 73
824 454
824 6
824 785
825 795
825 124
826 736
827 635
828 105
829 159
830 608
831 146
831 639
831 786
832 179
832 237
833 417
833 173
833 619
833 246
834 535
835 495
836 456
837 641
838 712
839 446
839 745
840 125
841 92
842 274
843 317
844 570
845 656
845 601
846 607
847 211
848 207
848 543
849 0
849 3
850 357
851 731
852 598
853 786
854 119
854 68
855 715
855 1
855 57
855 266
855 213
856 39
857 593
858 420
858 24
858 35
859 70
859 212
859 431
859 745
860 27
860 70
861 297
861 153
862 470
863 380
864 388
865 717
865 71
865 210
866 313
867 610
868 509
869 610
870 366
871 357
872 774
872 527
873 68
874 402
875 309
876 586
877 375
878 440
878 299
879 212
880 193
880 27
880 17
880 44
881 84
881 464
882 778
882 603
883 866
884 749
885 799
886 242
887 497
888 178
889 685
890 260
890 62
891 871
892 312
893 606
894 826
895 810
895 444
896 44
897 343
898 885
899 129
900 744
901 476
902 769
903 455
904 124
905 318
906 56
907 208
908 410
909 835
910 365
911 552
912 387
912 2
913 334
913 489
914 410
915 492
916 72
917 525
918 776
918 195
919 340
920 75
921 74
922 565
923 637
924 902
924 769
924 437
925 808
926 483
927 48
928 488
929 479
929 40
930 54
931 446
932 145
933 121
933 15
934 640
935 69
936 766
937 37
938 369
939 648
940 583
940 475
941 103
942 772
943 44
944 415
944 477
945 707
946 395
946 70
946 729
947 232
948 528
948 11
948 17
948 23
949 319
949 436
950 666
951 110
952 785
953 882
954 75
955 717
956 597
956 390
957 115
958 841
959 17
960 519
961 934
962 518
963 441
964 904
965 267
966 434
966 200
967 682
968 237
968 832
969 59
970 928
971 545
972 537
973 249
973 39
974 176
975 5
976 589
977 638
977 1
977 57
978 388
979 932
980 758
981 68
981 474
982 159
982 829
983 428
983 37
984 25
984 306
985 509
985 469
985 868
985 447
985 322
985 181
986 81
987 397
987 47
988 644
989 464
990 323
991 735
991 281
992 288
992 33
993 191
994 841
995 707
996 398
997 936
998 489
999 800
1000 489
1001 952
1001 785
1002 988
1003 556
1003 174
1003 223
1004 960
1004 519
1005 700
1006 846
1007 550
1008 160
1009 663
1009 475
1010 382
1011 337
1012 677
1013 805
1014 403
1014 312
1014 668
1014 43
1015 352
1016 559
1016 558
1016 318
1017 328
1018 495
1019 424
1020 210
1021 739
1022 469
1023 432
1024 383
1025 901
1026 934
1027 740
1028 161
1029 14
1030 405
1031 726
1032 374
1033 659
1034 209
1035 63
1036 562
1036 320
1036 82
1037 645
1038 548
1039 902
1039 924
1039 437
1040 196
1041 847
1042 393
1042 526
1043 608
1044 450
1045 528
1045 948
1046 777
1047 777
1048 380
1049 868
1050 393
1051 498
1052 102
1053 406
1054 348
1055 702
1056 837
1056 641
1056 164
1057 223
1058 256
1059 563
1060 48
1061 831
1062 1038
1063 975
1064 610
1064 869
1065 657
1065 263
1065 33
1065 22
1066 653
1067 710
1068 491
1069 741
1069 118
1070 796
1070 52
1070 364
1071 78
1071 5
1071 327
1072 411
1073 349
1074 480
1075 601
1076 794
1077 647
1078 80
1079 415
1079 418
1079 477
1080 932
1080 145
1080 979
1080 75
1081 737
1081 603
1082 484
1083 351
1084 741
1085 12
1086 47
1087 821
1088 132
1089 85
1089 83
1090 605
1091 1007
1091 550
1092 248
1093 149
1093 381
1094 561
1095 535
1095 834
1096 679
1097 191
1098 2
1099 457
1100 440
1101 979
1102 299
1103 551
1104 966
1105 100
1106 708
1107 200
1107 211
1107 966
1108 131
1109 671
1110 797
1111 145
1112 785
1113 524
1113 348
1114 10
1115 1035
1116 319
1116 46
1116 436
1117 693
1118 754
1119 484
1120 572
1121 272
1122 753
1123 106
1124 1012
1125 411
1126 877
1127 302
1128 665
1129 535
1130 1042
1131 501
1131 539
1132 1055
1133 287
1134 770
1135 587
1136 646
1136 269
1137 969
1138 241
1139 441
1139 88
1139 963
1140 186
1141 150
1142 378
1143 614
1143 223
1144 272
1145 724
1146 448
1146 18
1146 39
1146 237
1146 314
1146 968
1146 832
1147 729
1148 488
1149 759
1150 403
1151 492
1151 121
1151 274
1152 663
1153 1105
1154 507
1155 750
1156 142
1157 1076
1157 794
1157 431
1158 294
1159 534
1160 582
1161 711
1161 190
1162 340
1163 385
1164 1017
1165 240
1166 946
1166 395
1167 1166
1168 470
1169 720
1170 979
1171 495
1172 223
1173 1157
1174 264
1175 645
1176 711
1177 488
1178 423
1178 398
1179 288
1180 1037
1181 731
1182 846
1182 1006
1183 1049
1183 868
1184 199
1185 301
1186 1109
1187 518
1188 1108
1189 709
1189 38
1190 422
1191 579
1192 1022
1193 772
1194 120
1194 348
1195 1133
1196 934
1196 640
1196 1026
1197 272
1198 33
1199 226
1200 1078
1200 80
1200 319
1200 46
1200 436
1200 949
1200 1116
1201 373
1202 231
1203 648
1204 493
1205 50
1205 268
1206 81
1207 468
1207 20
1207 16
1208 129
1209 815
1210 116
1211 466
1211 150
1212 374
1212 152
1212 154
1213 173
1214 877
1215 401
1216 463
1217 938
1218 917
1218 525
1219 756
1220 368
1220 233
1221 893
1221 606
1222 1033
1222 659
1222 304
1223 948
1224 974
1225 105
1226 890
1227 30
1228 669
1228 377
1228 680
1229 1200
1230 553
1231 1053
1232 1086
1233 515
1234 1158
1235 917
1236 316
1237 529
1238 1155
1239 234
1240 1028
1241 753
1242 1232
1243 1239
1244 1149
1244 759
1244 355
1244 190
1245 490
1245 275
1246 760
1247 1219
1248 503
1249 1173
1250 5
1251 370
1252 772
1253 1003
1253 174
1253 223
1254 731
1255 1108
1256 360
1256 353
1257 361
1257 311
1257 293
1258 987
1259 148
1260 157
1261 1135
1262 239
1263 1189
1263 38
1263 267
1264 725
1265 797
1265 811
1265 116
1266 497
1266 290
1267 239
1267 365
1268 217
1269 79
1269 258
1270 815
1271 669
1271 377
1271 1228
1271 680
1272 511
1273 1137
1274 98
1275 136
1276 717
1277 793
1277 425
1278 153
1279 425
1280 932
1281 185
1282 30
1283 882
1284 407
1285 674
1286 248
1287 636
1288 109
1289 279
1290 1282
1290 30
1291 790
1292 661
1293 999
1294 478
1295 796
1295 52
1296 1170
1297 1223
1298 324
1298 22
1298 721
1299 101
1300 1110
1300 797
1300 811
1300 1265
1301 235
1301 667
1302 611
1302 458
1303 941
1304 1025
1305 947
1306 1006
1307 903
1307 455
1308 870
1309 777
1309 202
1309 1046
1309 1047
1309 43
1310 411
1311 1031
1312 996
1313 1232
1314 402
1315 279
1316 309
1317 677
1317 1012
1318 321
1319 394
1319 376
1319 221
1320 94
1321 1153
1321 1105
1321 100
1322 818
1323 154
1324 310
1325 1143
1326 536
1326 244
1326 173
1326 663
1327 928
1328 131
1329 1232
1330 46
1331 888
1332 1268
1332 217
1333 405
1334 963
1335 1265
1336 1042
1337 344
1338 1291
1339 1248
1340 822
1341 263
1341 657
1342 521
1343 496
1344 636
1345 191
1346 880
1347 651
1348 335
1349 267
1350 1124
1351 28
1352 11
1352 10
1353 921
1353 74
1354 1150
1354 403
1355 35
1356 391
1357 928
1358 621
1358 750
1359 284
1360 590
1360 14
1360 604
1361 396
1362 1122
1363 811
1364 893
1365 339
1365 781
1366 968
1367 1095
1368 1165
1369 1213
1370 285
1371 526
1372 1154
1373 735
1374 1080
1374 932
1375 1304
1376 584
1376 333
1377 642
1378 412
1379 249
1380 964
1381 296
1381 362
1382 75
1383 857
1384 594
1385 1378
1386 1184
1387 554
1388 1045
1388 948
1389 624
1390 523
1391 214
1391 372
1392 998
1392 489
1393 513
1393 592
1394 793
1395 865
1396 811
1397 199
1398 178
1399 701
1400 1224
1401 979
1401 1101
1402 364
1403 888
1404 263
1405 681
1406 676
1406 126
1407 1234
1407 1158
1408 1375
1409 1359
1409 284
1410 403
1411 1383
1412 1345
1413 100
1414 75
1415 712
1416 117
1416 590
1416 740
1416 14
1416 59
1416 1360
1416 1027
1417 367
1418 94
1419 1149
1420 316
1421 407
1422 162
1423 1347
1424 336
1425 475
1426 438
1427 653
1427 118
1428 224
1428 217
1428 389
1429 241
1430 716
1430 743
1431 976
1432 727
1433 163
1434 624
1435 846
1436 913
1436 489
1437 1143
1438 1219
1439 856
1440 1002
1440 988
1441 1303
1441 941
1441 103
1441 250
1442 1163
1443 91
1444 512
1445 501
1446 1056
1447 752
1448 1280
1449 769
1450 647
1451 792
1451 703
1451 352
1452 139
1453 1308
1454 620
1454 33
1454 288
1455 1153
1455 1105
1456 717
1457 1054
1458 933
1459 583
1460 1327
1461 1159
1462 286
1463 796
1464 368
1464 233
1465 868
1466 1250
1467 533
1468 220
1468 392
1469 386
1470 969
1470 59
1470 1137
1471 28
1472 358
1473 573
1474 1193
1475 194
1476 1247
1477 1422
1478 450
1479 951
1480 1351
1481 931
1482 1233
1483 438
1484 1018
1485 898
1485 885
1485 799
1485 758
1486 191
1487 1096
1487 679
1488 795
1489 1054
1489 348
1490 792
1491 940
1492 810
1493 248
1493 587
1493 309
1494 649
1495 330
1496 1171
1497 1082
1497 484
1497 1119
1498 1204
1499 1025
