1 0
3 0
3 1
4 0
5 0
5 3
5 4
6 3
7 5
8 4
9 0
10 7
11 10
13 1
14 0
15 10
15 7
16 15
17 11
17 10
18 6
19 8
20 16
20 15
21 17
22 14
23 11
24 17
25 11
25 17
26 2
27 17
28 2
28 26
29 22
31 21
32 29
33 22
34 16
35 21
36 34
37 8
38 34
38 16
39 18
39 6
41 32
42 28
43 4
44 27
45 22
46 17
47 34
49 35
50 23
51 14
52 34
52 16
53 18
53 6
53 39
54 44
56 23
57 1
58 49
59 51
60 16
61 13
62 53
64 54
65 35
66 47
67 40
68 3
70 27
73 6
74 27
75 52
75 16
75 34
76 50
77 14
77 22
77 51
78 5
79 7
80 46
80 17
81 47
81 34
82 40
83 67
83 40
84 34
86 43
87 81
88 63
89 62
90 4
91 34
92 37
93 43
94 64
95 51
96 11
97 67
98 14
99 87
100 20
102 95
102 51
104 14
104 98
105 89
106 2
107 11
108 77
108 51
110 24
111 72
112 63
112 88
113 10
114 72
115 62
115 53
115 89
116 16
117 14
118 25
119 68
120 94
120 64
121 113
121 10
121 15
123 54
123 64
123 94
123 120
124 117
124 14
125 70
127 105
127 89
128 35
129 34
129 75
129 81
129 16
130 71
131 64
132 43
134 114
136 133
136 95
137 61
138 4
139 123
140 72
141 34
141 91
143 8
143 4
144 99
144 87
145 75
146 59
148 136
149 92
151 101
152 61
155 91
156 54
158 125
160 153
161 43
162 18
162 6
162 53
162 39
164 53
165 9
166 68
167 156
169 28
170 63
171 9
173 166
173 68
173 3
173 126
174 11
175 87
175 99
176 0
178 114
180 84
181 128
182 145
182 75
182 34
183 43
184 156
185 153
185 87
187 139
188 32
189 184
190 59
190 51
191 97
192 127
193 27
195 19
196 190
196 59
198 28
199 46
200 45
200 22
200 63
201 13
202 43
203 139
204 56
205 82
206 132
206 43
206 86
206 161
207 86
209 126
210 130
210 71
211 200
212 70
213 57
214 152
215 87
216 90
217 199
218 7
219 109
220 190
221 22
222 105
223 174
224 217
225 220
227 123
228 88
228 63
228 112
229 72
230 222
230 105
231 33
232 74
233 162
233 39
235 67
236 150
237 39
237 233
238 205
239 127
240 114
241 45
242 186
244 173
245 213
246 173
247 209
248 215
248 87
249 39
251 45
253 69
254 7
255 124
256 95
257 69
258 79
260 62
261 100
262 199
263 33
264 13
265 128
266 57
266 1
266 213
267 38
268 76
268 50
269 38
270 91
270 34
270 155
271 88
272 22
273 4
273 90
273 143
273 216
274 113
275 95
276 206
277 24
278 82
278 238
280 138
281 128
282 99
283 281
283 128
285 9
286 175
287 16
288 33
289 202
290 164
291 208
291 65
292 102
293 90
295 134
296 112
297 175
297 87
297 81
297 153
297 215
297 185
297 248
298 285
299 267
299 38
300 201
301 270
302 4
303 173
304 166
304 173
304 246
305 223
306 25
309 248
309 215
309 297
309 81
309 34
309 87
309 185
310 108
312 43
313 105
314 39
315 265
316 270
317 239
318 104
318 14
319 80
319 46
321 189
322 265
322 315
322 35
322 181
323 109
324 22
325 239
326 156
326 184
327 78
327 5
328 245
329 97
330 97
331 319
332 244
333 116
334 205
335 53
336 254
338 291
339 134
339 295
341 20
342 1
343 20
344 188
345 156
345 184
346 180
349 23
349 11
349 50
350 343
350 20
352 265
353 309
354 105
355 190
356 291
357 309
358 175
359 295
359 134
359 339
360 353
361 311
362 296
362 112
363 217
364 52
365 325
365 239
365 127
365 317
366 152
367 2
368 233
369 150
369 137
370 152
371 71
375 100
376 22
376 221
377 280
378 17
379 257
380 277
380 24
380 17
380 110
384 87
385 356
385 291
386 291
387 2
388 185
389 224
390 109
390 219
392 220
394 221
394 376
395 125
395 70
396 76
397 47
398 239
400 188
400 344
401 90
402 192
403 312
404 115
405 187
406 53
407 3
410 258
411 370
412 350
413 9
414 227
415 274
416 362
417 173
419 45
420 35
420 21
420 17
420 24
423 239
423 127
423 317
423 325
423 365
423 398
425 153
426 19
427 178
428 37
428 8
429 248
429 297
429 87
429 309
429 81
429 185
429 384
430 325
431 212
431 70
432 46
433 299
434 200
435 346
437 326
438 146
440 299
441 88
443 193
444 276
446 431
447 322
448 314
448 39
448 18
448 237
449 282
450 397
450 47
450 81
451 238
452 139
452 187
453 24
453 277
454 73
455 86
456 130
457 13
457 201
458 160
458 153
459 433
459 299
460 118
461 378
462 457
463 66
463 47
464 84
465 112
466 150
467 299
469 447
470 143
470 8
471 404
472 34
473 26
476 242
477 274
477 415
479 40
480 5
481 215
482 155
483 332
484 245
485 134
486 293
487 96
489 334
491 119
492 274
492 113
492 121
493 43
493 93
493 161
494 236
495 486
495 293
496 256
497 164
497 290
500 206
504 49
506 467
507 425
508 438
510 69
512 257
516 500
518 93
520 317
522 45
523 244
525 425
527 186
529 305
530 239
531 80
532 52
532 34
532 75
532 364
532 145
533 310
534 198
535 218
536 244
539 501
539 124
540 127
540 192
540 365
541 251
541 45
542 39
543 207
544 4
545 447
546 458
547 7
548 354
549 145
550 121
551 481
551 215
552 477
553 269
555 128
556 223
556 174
557 186
558 318
559 558
560 66
563 340
564 66
566 471
567 43
571 498
573 36
573 34
579 148
580 400
582 504
585 366
585 152
586 497
587 47
587 81
587 87
587 215
587 248
587 309
587 429
587 297
588 484
590 117
590 14
590 51
590 59
593 458
595 417
595 173
595 126
596 226
597 390
598 265
599 271
600 146
601 400
601 188
601 344
601 498
601 580
601 32
601 571
601 41
603 579
604 318
604 104
604 14
604 77
604 590
604 51
604 95
604 133
604 136
604 148
604 579
605 291
605 208
606 158
607 552
608 113
609 81
610 358
611 458
614 223
615 235
616 203
617 277
618 395
618 70
619 417
620 33
621 432
622 151
623 326
625 113
626 529
627 261
627 20
627 100
627 350
627 375
628 577
629 134
629 295
629 114
631 545
632 230
633 446
634 298
635 555
635 128
636 355
636 190
636 59
637 190
638 342
638 1
639 146
640 457
641 164
643 392
645 557
646 269
647 516
648 530
649 299
651 231
652 192
653 118
654 17
656 601
657 263
658 91
660 523
660 244
661 356
663 536
663 244
664 343
665 476
666 495
666 486
667 235
668 403
668 312
669 377
669 280
669 138
670 110
671 542
672 114
673 43
674 143
675 506
676 126
677 573
678 191
680 669
680 138
680 280
680 377
681 271
682 74
683 230
683 632
684 247
684 209
684 126
684 595
684 417
684 173
684 3
684 303
684 304
687 587
688 150
689 235
690 277
692 114
693 356
693 661
694 569
694 45
695 361
696 672
697 414
699 100
700 120
701 239
701 127
701 423
701 192
703 352
704 505
705 120
706 692
706 114
706 178
707 218
707 7
708 668
709 38
711 190
712 71
715 213
715 57
715 266
715 1
716 166
717 71
718 67
719 162
720 339
721 22
721 14
721 200
721 98
721 45
721 63
721 211
721 88
722 27
723 114
724 339
725 341
725 20
726 573
727 472
728 312
729 158
729 125
729 395
730 577
731 84
733 272
735 281
736 202
737 603
738 249
739 427
740 117
741 460
741 118
743 716
745 633
745 446
745 431
746 723
746 114
749 323
752 499
753 533
754 296
755 726
756 245
760 91
761 693
761 661
763 306
763 25
764 174
765 649
767 435
768 110
769 437
770 438
772 200
773 148
774 527
775 472
776 195
777 202
778 603
779 390
779 219
779 597
779 109
779 323
780 574
781 629
781 134
781 339
781 359
781 485
782 285
783 145
785 454
785 6
786 639
786 146
787 472
790 318
791 579
792 703
793 425
794 431
795 124
796 52
797 116
798 163
798 8
800 635
802 6
802 39
802 73
805 246
806 185
806 297
806 587
806 47
807 601
807 571
807 656
808 4
811 116
811 797
813 254
814 771
816 343
816 20
816 664
818 408
819 144
820 567
821 532
824 73
824 454
824 6
824 785
825 795
825 124
826 736
827 635
832 237
833 417
833 173
833 619
833 246
834 535
836 456
837 641
838 712
839 446
839 745
840 125
841 92
842 274
845 656
845 601
846 607
847 211
848 207
848 543
850 357
851 731
852 598
853 786
854 119
854 68
855 1
855 57
855 266
855 213
857 593
858 420
858 24
858 35
859 70
859 212
859 431
860 27
860 70
861 297
861 153
862 470
864 388
866 313
867 610
869 610
870 366
871 357
873 68
874 402
875 309
876 586
877 375
878 440
878 299
879 212
880 193
880 27
880 17
880 44
881 84
882 778
882 603
884 749
885 799
888 178
890 260
890 62
891 871
892 312
893 606
894 826
895 444
896 44
897 343
898 885
899 129
901 476
902 769
903 455
906 56
907 208
908 410
909 835
910 365
911 552
912 2
914 410
915 492
916 72
918 776
918 195
920 75
921 74
923 637
924 902
924 769
924 437
925 808
928 488
929 40
930 54
931 446
932 145
933 121
933 15
934 640
935 69
938 369
939 648
942 772
943 44
944 415
944 477
945 707
946 395
946 70
946 729
948 11
948 17
948 23
949 319
949 436
950 666
951 110
952 785
954 75
955 717
956 597
956 390
957 115
958 841
959 17
961 934
962 518
965 267
966 434
966 200
967 682
968 237
969 59
970 928
972 537
973 39
974 176
975 5
977 638
977 1
977 57
978 388
979 932
981 68
981 474
982 829
984 25
984 306
985 469
985 868
985 447
985 322
985 181
988 644
990 323
991 735
992 33
993 191
994 841
995 707
996 398
997 936
999 800
1001 785
1002 988
1003 556
1003 174
1003 223
1006 846
1007 550
1009 663
1012 677
1013 805
1014 312
1014 668
1014 43
1015 352
1016 559
1016 558
1016 318
1017 328
1018 495
1020 210
1021 739
1022 469
1025 901
1026 934
1027 740
1028 161
1029 14
1031 726
1036 82
1038 548
1039 902
1039 924
1039 437
1044 450
1045 948
1047 777
1048 380
1049 868
1053 406
1055 702
1056 641
1056 164
1057 223
1058 256
1062 1038
1063 975
1064 610
1064 869
1065 657
1065 263
1065 22
1068 491
1069 741
1069 118
1070 796
1070 52
1070 364
1071 78
1071 5
1071 327
1072 411
1073 349
1074 480
1075 601
1078 80
1079 415
1079 477
1080 932
1080 145
1080 979
1080 75
1082 484
1086 47
1088 132
1089 83
1090 605
1092 248
1093 149
1093 381
1096 679
1097 191
1098 2
1099 457
1100 440
1101 979
1102 299
1103 551
1105 100
1106 708
1107 200
1107 966
1108 131
1110 797
1111 145
1112 785
1114 10
1116 319
1116 46
1116 436
1119 484
1122 753
1123 106
1124 1012
1126 877
1127 302
1128 665
1129 535
1131 539
1132 1055
1133 287
1135 587
1136 646
1136 269
1137 969
1139 441
1139 88
1141 150
1143 614
1143 223
1144 272
1145 724
1146 448
1146 18
1146 237
1146 314
1146 968
1146 832
1150 403
1151 492
1151 121
1151 274
1152 663
1153 1105
1154 507
1157 1076
1157 431
1158 294
1159 534
1160 582
1161 711
1161 190
1162 340
1163 385
1164 1017
1165 240
1166 946
1166 395
1168 470
1169 720
1170 979
1171 495
1172 223
1173 1157
1174 264
1177 488
1178 398
1179 288
1180 1037
1181 731
1182 846
1182 1006
1183 868
1186 1109
1187 518
1188 1108
1189 709
1189 38
1191 579
1193 772
1194 120
1195 1133
1196 934
1196 640
1196 1026
1199 226
1200 1078
1200 80
1200 319
1200 436
1200 949
1200 1116
1202 231
1203 648
1205 50
1205 268
1206 81
1210 116
1211 150
1212 152
1214 877
1215 401
1216 463
1217 938
1219 756
1220 233
1221 893
1221 606
1223 948
1224 974
1226 890
1229 1200
1230 553
1231 1053
1232 1086
1233 515
1234 1158
1236 316
1237 529
1240 1028
1241 753
1242 1232
1244 759
1244 355
1244 190
1245 490
1245 275
1246 760
1247 1219
1248 503
1252 772
1253 1003
1253 174
1253 223
1254 731
1256 360
1256 353
1257 361
1257 311
1257 293
1259 148
1261 1135
1262 239
1263 1189
1263 38
1263 267
1264 725
1265 797
1265 811
1265 116
1266 497
1266 290
1267 239
1267 365
1268 217
1269 79
1269 258
1271 669
1271 377
1271 680
1272 511
1273 1137
1275 136
1276 717
1277 793
1277 425
1278 153
1279 425
1280 932
1281 185
1283 882
1285 674
1286 248
1288 109
1289 279
1291 790
1292 661
1293 999
1295 796
1295 52
1296 1170
1298 324
1298 22
1298 721
1299 101
1300 797
1300 811
1300 1265
1301 235
1302 611
1303 941
1304 1025
1306 1006
1307 903
1307 455
1309 777
1309 202
1309 1046
1309 1047
1309 43
1310 411
1311 1031
1312 996
1313 1232
1314 402
1315 279
1317 677
1317 1012
1318 321
1319 394
1319 376
1321 1153
1321 100
1322 818
1324 310
1326 536
1326 244
1326 173
1326 663
1327 928
1328 131
1329 1232
1332 1268
1332 217
1333 405
1335 1265
1337 344
1338 1291
1341 263
1343 496
1344 636
1345 191
1346 880
1347 651
1349 267
1350 1124
1351 28
1352 11
1352 10
1353 921
1353 74
1354 1150
1354 403
1355 35
1356 391
1357 928
1358 621
1359 284
1360 590
1360 14
1360 604
1361 396
1363 811
1364 893
1365 339
1366 968
1367 1095
1368 1165
1370 285
1372 1154
1375 1304
1376 333
1379 249
1381 296
1381 362
1382 75
1383 857
1388 1045
1388 948
1390 523
1391 214
1392 489
1394 793
1396 811
1397 199
1399 701
1400 1224
1401 979
1401 1101
1403 888
1404 263
1405 681
1406 676
1406 126
1407 1158
1408 1375
1409 1359
1409 284
1410 403
1413 100
1414 75
1415 712
1416 117
1416 590
1416 14
1416 59
1416 1360
1416 1027
1417 367
1418 94
1420 316
1421 407
1422 162
1426 438
1427 653
1427 118
1428 224
1428 217
1428 389
1430 716
1430 743
1432 727
1433 163
1435 846
1436 489
1438 1219
1440 1002
1440 988
1441 941
1441 250
1442 1163
1443 91
1444 512
1446 1056
1447 752
1448 1280
1449 769
1450 647
1452 139
1453 1308
1454 620
1454 288
1455 1153
1455 1105
1456 717
1457 1054
1458 933
1459 583
1460 1327
1462 286
1463 796
1464 368
1464 233
1465 868
1466 1250
1467 533
1468 220
1468 392
1469 386
1470 59
1470 1137
1471 28
1473 573
1474 1193
1476 1247
1479 951
1480 1351
1481 931
1482 1233
1483 438
1485 898
1485 885
1485 799
1487 1096
1487 679
1488 795
1490 792
1493 248
1493 587
1493 309
1494 649
1497 1082
1497 484
1497 1119
1499 1025
