-------------------------------------------------------------
dataset: Forest Fire 1k to 2k
increments: 11
method: union
grouping restriction: 5 / k2
no prediction

time    node    edge    group       NG          EI
0       1000    2846    91          0.0965916   0.00142777
1       1100    6046    101         0.107199    0.00247833
2       1200    9354    111         0.119107    0.00318157
3       1300    12976   121         0.130309    0.00372562
4       1400    16694   131         0.140275    0.00410432
5       1500    20618   141         0.14736     0.00438969
6       1600    24948   151         0.152054    0.0046478
7       1700    29548   161         0.159008    0.00485561
8       1800    34382   171         0.164059    0.00502343
9       1900    39510   181         0.167659    0.0051686
10      2000    44962   191         0.172103    0.00530036

-------------------------------------------------------------
dataset: Forest Fire 1k to 2k
increments: 11
method: union
grouping restriction: 4 / k2
no prediction

time    node    edge    group       NG          EI
0       1000    2846    91          0.0962098   0.00142444
1       1100    6046    100         0.106738    0.0025077
2       1200    9354    110         0.118093    0.00320574
3       1300    12976   120         0.129351    0.00374892
4       1400    16694   130         0.139794    0.00412505
5       1500    20618   140         0.146646    0.00440871
6       1600    24948   150         0.152472    0.00466365
7       1700    29548   160         0.159178    0.00486853
8       1800    34382   169         0.163854    0.00509032
9       1900    39510   179         0.167657    0.00522764
10      2000    44962   189         0.171613    0.00535011

-------------------------------------------------------------
dataset: Forest Fire 1k to 2k
increments: 11
method: union
grouping restriction: 3 / k2
no prediction

time    node    edge    group       NG          EI
0       1000    2846    89          0.0957      0.00142
1       1100    6046    98          0.1059      0.00250
2       1200    9354    108         0.1164      0.00320
3       1300    12976   118         0.1273      0.00374
4       1400    16694   128         0.1365      0.00411
5       1500    20618   138         0.1444      0.00438
6       1600    24948   147         0.1497      0.00469 
7       1700    29548   156         0.1551      0.00495
8       1800    34382   165         0.1604      0.00515
9       1900    39510   175         0.1653      0.00527
10      2000    44962   185         0.1694      0.00538

-------------------------------------------------------------
dataset: Forest Fire 1k to 2k
increments: 11
method: union
grouping restriction: 2 / k2
no prediction

time    node    edge    group       NG          EI
0       1000    2846    60          0.0651945   0.001426
1       1100    6046    69          0.0766925   0.0023529
2       1200    9354    78          0.0882135   0.00291939
3       1300    12976   87          0.0980757   0.00332594
4       1400    16694   96          0.10665     0.00359176
5       1500    20618   104         0.11314     0.00384224
6       1600    24948   113         0.116991    0.00400593
7       1700    29548   121         0.121924    0.00419905
8       1800    34382   130         0.126166    0.0042952
9       1900    39510   138         0.130015    0.00444096
10      2000    44962   146         0.133392    0.00457341

-------------------------------------------------------------
dataset: Forest Fire 1k to 2k
increments: 11
method: union
grouping restriction: 2 / k2
no prediction

time    node    edge    group       NG          EI
0       1000    2846    51          0.055997    0.00142512
FAILS GROUPING CONDITION
