1 0
2 0
3 0
4 3
4 0
5 2
5 0
6 3
6 0
7 5
8 2
9 6
10 9
11 0
12 0
12 2
12 11
13 2
14 4
15 9
16 10
16 9
17 1
18 17
18 1
19 8
20 1
21 9
22 12
23 0
23 1
24 11
25 24
25 11
26 19
27 14
27 4
28 20
29 14
30 12
30 11
30 25
31 21
32 23
32 1
33 24
34 4
34 0
35 24
36 7
37 31
38 34
39 38
39 34
39 4
40 22
41 4
42 0
43 2
44 26
45 31
46 44
47 40
47 22
48 29
49 42
50 46
51 26
51 19
52 51
53 25
54 12
55 26
56 4
56 14
57 3
58 29
59 22
59 40
59 47
60 7
61 7
62 35
63 22
64 48
65 12
66 58
66 29
67 13
68 35
69 51
70 7
71 3
72 36
73 38
74 52
75 64
76 58
77 3
78 22
79 55
80 6
81 78
81 22
81 47
82 47
83 19
84 72
84 36
85 54
86 15
87 36
87 72
87 84
88 51
89 17
89 1
89 20
89 23
89 28
90 31
91 5
92 91
92 5
93 6
94 34
94 0
95 48
96 15
96 9
96 10
97 90
97 31
98 43
99 52
100 24
101 70
102 8
103 42
104 23
104 1
105 48
106 58
106 76
107 73
108 100
109 17
110 31
111 24
112 95
112 48
113 92
114 21
115 70
116 97
117 101
117 70
118 94
119 118
120 16
121 88
122 83
123 65
124 61
124 7
125 21
126 9
127 27
128 49
129 86
130 44
131 92
131 5
131 7
131 60
131 61
131 70
131 124
132 22
133 85
134 84
135 92
135 131
135 60
135 70
135 7
136 47
137 68
138 106
139 7
140 110
141 136
142 101
142 117
143 117
144 139
145 61
145 7
145 124
145 131
145 36
146 67
147 131
148 120
149 75
149 64
150 89
151 48
152 47
152 59
153 43
154 28
154 20
155 140
155 110
156 7
157 31
158 154
159 100
160 67
161 98
162 124
162 61
163 74
164 13
165 16
166 41
167 114
167 21
168 14
169 33
170 47
171 26
172 130
173 149
174 25
175 122
176 66
176 58
177 44
178 72
179 58
180 49
181 28
182 111
182 24
183 103
184 182
185 36
186 175
187 159
187 100
188 79
189 155
190 111
191 124
192 143
193 42
193 0
193 12
194 185
195 70
196 1
197 169
198 168
